1
3
5
7
9
11
13
17
15
20
18
353 1330 22 951
24
58
60
62
64
65 951
67
232 953
953 172
953 167
953 178
82
116
160
158
134
132
146
144
83
85
87
89
91
93
95
1272 1349 399
1274 1349 399
1276 1349 399
1349 1278 399
1280 1349 399
1282 1349 399
1284 1349 399
97
99
101
103
105
107
109
1289 1349 399
1291 1349 399
1349 1293 399
1295 1349 399
1297 1349 399
1299 1349 399
1349 1301 399
1182 862
1184 862
1003 1182
1184 1003
240 1330 951
164
167
172
178
945 1498
1496 945
945 1479
945 1526
1480 945
945 1529
945 1481
1528 945
945 1478
945 467
945 1501
945 1527
945 1182 630
945 637 1182
353 174 951
1332 1639
585 1332
347 1332
924 1332
1184 191
1184 190
1184 181
1184 195
1184 185
200 1184
1184 186
1184 198
1184 187
1184 179
1184 194
1184 197
528 277 215
528 277 214
208 528 277
528 219 277
528 209 277
224 528 277
528 210 277
528 277 222
528 211 277
528 218 277
528 277 221
281 1330 353 951
283
232
944 164 1189
246
1330 247
281 374
376 283
353 1330 278 951
280
1184 862
261 951
263
265 342
424
1171 1349 399
1497 1349 399
1266 1349 399
1349 966 399
1234 1349 399
1223 1349 399
1349 613 399
1349 598 399
1349 1221 399
1155 1187 942
1626 676 951
1087
1089
805 990
881 1474
1183 233 951
233 951
235
290 293
290 531
296 951
298
1183 303 951
301
299
531 302
360 1349
353 1330 1081 951
353 1330 1346
1332 310
308
310
1332 317
313
353 314 951
1624 1621
1393 314
317
305 353
951 531 319
528 111
353 341
528 383
1041 314
1625 1605 951
1393 324
323
1393 325
327
328 951
330
321 1393
459 719
991 719
1220 719
597 719
612 719
1494 719
965 719
1235 719
531 292
293 1239
331
333
364 335
945 333
1001
881 306
1269 277 951
399 1349 303
339
339
293 951
1176 293
295
1187 1021
1393 237 951
881 238
995 1187
342 951
344
353
353 844
353 1006
528 397
1349 478
353 951 399
1409 342
345 951
347
353 349 951
915 350 951
353 1330 350 951
352 951
1401 951 399
1349 399
353 1270 951
783 399
366 783
1330 603 844 951
833 293
281 406
408 283
409 315
402 951
406 278
280 408
402 374
376 403
410 315
404 951
315 411
356
1385 1634
406 951
363
1248 277
1250 277
1252 277
277 1254
1256 277
1258 277
1260 277
305 1185 951
951 359
1408 342
768 1502
353 1330 260 951
260
528 1467 1183
368 951
370
374
353 1330 380 951
353 1330 380 951
382
285
374
1393 1388
881 1393
1393 1388
384 1349 399
353 1330 377 951
377 951
1176 377
379
904 1182
1183 299 951
1183 1262 951
1183 293 951
1185 293 951
1185 1338 951
1183 469 951
353 385 951
393
528 1633 1187
392 951
389 951
391
715
353 386 1330 951
388
90 1066
104 1066
304 1184
1182 15
945 119
281 411
411 278
409 374
1096 859
1090 859
859 1087
859 1086
314
353 324 951
594 398
364 1150 951
240 1183 764 951
1401 342
578 887
1364 887
401
408
353 325 951
1349 1359
881 412 1393 951
528 291
528 531 276
353 951
353 458 951
1184 258
1406
433 726 718 951
433 762 726 951
433 1412 726 951
353 1330 430 951
431
434 951
432 951
435 951
353 1330 425 951
425 951
427 951
427
363 436
528 361
530 363
1241 436
436 783
439 1349 951 399
440 1349 399
353 1330 436 951
438 951
438
1185 251 951
174 951
441 1393
443
1187 452
1189 454
1349 399 881 951 444
951 444 1349 399
447 1349 399
353 1330 444 951
444 951
446
353 450 1330 951
450
528 371
951 1330 479
353 251
999 1397 951
999 1150 951
1464 999 951
999 942 951
1187 783
881 1219
456 1349 399
353 1330 452 951
452 951
454
448 945 925
531 1462 951
113 1185 951
1187 1028
353 1330 951
1361 1349
945 458 951
371 951
373
1183 893 951
1185 893 951
1330 399
465 945 1182
1184 465 945
465 1117 589 951
464 293
472 353 1330 951
474
469 951
471
477 951
477
1067 27 951
945 1213
1176 477
1352 348
482 951
480 353 1330 951
353 1330 483 951
485 951
1352 350
353 486 951
353 486 881 1330 951
353 1330 489 951
489 951
489
487
1248 525 951
1250 525 951
1252 525 951
525 1254 951
1256 525 951
1258 525 951
1260 525 951
353 154 951
538 364 951
364 540 951
539 364 951
364 541 951
353 1330 502 951
504
353 1330 505 951
505 951
507
1348
1330 508
1393 244
501 1182
1219 293
1466 510
512
1059
953 1290 1249
953 1251 1292
953 1253 1294
1296 953 1255
953 1298 1257
953 1259 1300
953 1261 1302
906 518
906 519
520 906
521 906
522 906
906 523
906 524
953 515
517
1401 556
527
530
528
353 1330 534 951
534 951
534
532
353 1330 537 951
536
542 726 718 951
762 542 726 951
1412 542 726 951
951 543
544 951
353 1330 951 545
546
547 951
528 945 1351
528 1117 589 1351
840 555
353 1330 555
549
555 559
561 945
353 1330 549
353 1330 550 951
550 951
552 353 1330 951
552 951
552 842
552 551
554
531 510 951
1187 1629
556 951
558
353 1330 561
353 1330 951 559
951 559
353 881 562 1330 951
947 565
568 353 1330 951
353 1330 565 951
565
563
951 567
568
1450 1491 951
953 1452 1493
571
528 1187
572 951
574
1393 1187 948
1393 1187 948
353 1330 951 575
577
578 293 951
377 1447
1393 1187 957
1349 582 399
353 1330 580 951
353 578 1330 951
580
580
945 953 1151
945 953 1396
1187 1637
1409 556
844 525 951
951 583
585
353 492
353 604
1393 1187 719
1187 644
353 590
586 951
588
1248 353 951
353 1250 951
353 1252 951
353 1254 951
1256 353 951
353 1258 951
353 1260 951
374 951
376
593
1393 1187
528 1067
80
80 353 1330 951
27
1349 493
499 1349
498 1349
1349 495
1349 494
497 1349
496 1349
1187 647
596 764 951
353 1330 951 671
601
607
690 1187
1187 687
609 951
611
616
353 122 951
951 119
121
353 118 951
1330 115
1393 789
353 618
621
622 951
624
945 206
945 207
1393 629
628
626
1183 69 951
1349 70
1434 69
1183 630 951
980 951
1184 1500
72 945 951
1184 1502
353 1330 951 631
128 528 1349
272 843
1243 1397
1243 1150
951 479
1183 637 951
259 1187
1349 638
945 983
632
1330 175
176 945
643
644 951
646
1184 125
261 1182
1184 261
137 1330 764 951
137 1330 951 764 1183
1349 919
945 651 1182
364 1397 951
945 652 1151
947 654 1151
945 652 127
947 654 127
657
654
634 1330
636 1349 951
173 1182
660
353 531 951
1184 1268
299 789
1397 662
1150 662
665 927
1530 667
669 927
112 1185 951
1431 951
1433
353 676
681
686
353 684 951
129 1629
951 687
689
684 1349 951
1184 141
528 691
353 691 951
1041 951
1043
1183 252 951
1182 598
1184 598
613 1182
1184 613
490 1182
1184 490
1171 1182
1184 1171
1497 1182
1184 1497
1266 1182
1184 1266
1182 966
1184 966
1182 1223
1184 1223
1234 1182
1184 1234
468 1182
1184 468
968 1182
968 1184
1221 1182
1184 1221
696
697 953 1599
953 694 1599
953 1599 695
953 698 1599
1627
945 459
945 991
945 1220
945 597
945 612
945 1494
945 965
945 1235
1393 789
945 118
1032 277
1057 277
1036 277
1058 277
700
1288 945
951 702 399
951 71
729 951 71
299 1187
705 951
707
353 1330 708 951
710
951 711
713
353 1330 1349 951
626 789
770 1330
715 1332
717
951 277 599
277 614 951
1564 277 951
1567 277 951
277 958 951
961 277 951
277 1230 951
951 531 599
531 614 951
531 1564 951
531 1567 951
531 958 951
961 531 951
1224 531 951
531 1227 951
992 531 951
531 1230 951
951 602 1349 399
617 1349 951 399
951 1495 1349 399
951 1499 1349 399
951 1349 1334 399
951 964 1349 399
951 1460 1349 399
951 1236 1349 399
951 1349 998 399
951 1349 1222 399
1182 719
1184 719
288 1183 951
722
720
984
789 629
1330 715
724
353 723 951
1048 629
1321 951
528 953 1397
528 953 1150
1450 843 945 951 762
1450 720 945 951 762
1450 299 945 951 762
1450 463 945 951 762
1450 945 886 951 762
353 1330 726 951
726 951
728 951
728
726
353 1330 951 729 510
733 951
729 71
353 1330 734 951
736 951
737 726 718 951
737 762 726 951
737 1412 726 951
739 951
738 951
353 1330 740 951
741
742 951
726 718 951
353 1330 729 951
731
951 726 718 743
951 762 726 743
951 1412 726 743
744 951
745 951
353 746 1330 951
747
748 951
726 718 702 951
762 726 702 951
1412 726 702 951
353 1330 749 951
750
951 703
951 751
704 951
752 726 718 951
752 762 726 951
752 1412 726 951
753 951
754 951
353 1330 755 951
756
757 951
731 947
770 805
528 938
760 1184
1184 1405
1405 1182
761 1502 951
1349 718
763 1182
1184 763
764 951
766
766
1464 1151
1464 127
353 725 951
1067 805
773
776 353 951
773 951
775
777 951
779
1393 715
1393 714
772
764 1502 951
782
780 951
1078
951 783
785
951 531 311
1332 861
1349 677
788
257
906 1332
42 277
277 55
277 53
277 46
44 277
50 277
48 277
353 1330 790 951
792
1185 629 951
1397 629
629 1150
128 629
353 1330 793 951
795
353 1330 796 951
798
353 1330 951 799
801
353 802 1330 951
804
904 1330
945 52 951
1184 1330 879
715 1187
1185 275 951
1330 859
1332 805
807
816 1332
811
813
264 945
1183 1484 951
945 123
951 823
825
820 951
822
817 951
819
353 951 809
816
859 814
808 1605 951
1393 826
828
829 951
831
1608 1349
353 1330 814 951
814 951
816
833 1332
835
833 1393
837
1183 21 951
758 1502 951
353 1330 758 951
842
1183 907 951
850
951 1347 399
1104 844 951
1099 915 951
846
833 881
1185 853 951
233 881
1187 942 855
857 1330 353 951
945 1135 887
353 844
462
531 318
864 953 1397
862 951
864
786
786
1393 131
264 945
865 951
867
353 910 951
858 1605 951
1605 854 951
856 1605 951
869
870 951
872
353 1330 859 951
1393 805
859 951
861
910
354 1349
353 1330 873 951
876 1349 399
353 1330 873 951
875
1183 1482 951
353 878
881 235
353 1330 884 951
528 233
368 1185 1187 951
881 1187
883 1189
881 1349 1358
881
1184 881
1184 877 1542
1349 885 399
353 1330 881 951
881 951
1176 881
883
528 131
892
890
113 531
353 1330 893 951
893 951
895
897
353 898 1330 951
898 1332
900
901 951
903
1183 626 951
353 227 951
353 155 951
528 1183 1187 1135
907 1182
1184 907
907 951
1176 907
909
1397 886
1150 886
128 886
906
906
353 898 951
928 1041 951
1041 951
911 1349 399
951 887
1176 887
889
945 847
355 1349
912 353 951
913 1330
1184 1187 1012
1349 399 881 915 951
917
528 1185 1418
353 274 951
848 1184
844 951
505 898 951
953 507 900
705 898 951
953 707 900
898 1434 951
953 900 1436
904 898 951
953 906 900
898 1018 951
953 900 1020
769 1349
921 925
353 915 951
922 951
924
928 1456
353 1330 934 951
927
928 1184
504 883
353 930 1330 951
928 353 1330 951
930
928 353 1330 951
764 365 951
764 1349 78 951
1330 1347 951
951 851 399
1187 1652
933
1187 1645
915 1349
951 935
937
935
777
1484
872 1332
944
947
945
1453 951
950
950
940
938
1183 290 951
216 1183 951
1183 220 951
1183 212 951
1183 213 951
1183 226 951
1183 217 951
1183 223 951
225 1349
182 951
184
956 951
364 1117 951
1117 951
960
963
965
1349 967
353 1325 951
353 1327 951
353 981 951
353 972 951
353 988 951
353 951 535
353 250 951
353 805 951
353 1100 951
353 715 951
992 951
353 1330 971 951
971 951
971
1183 973 951
977 1330
978 1349 399
353 1330 973 951
973 951
975
1464 1238 951
951 1238 783
1187 982
240 353 951
987 951
987
1393 299
273 951 399
979 951
201 951
203
131
901 1182
1184 901
1185 951 455
353 1326 951
531 1470
368 976
1183 1645 951
994
293 998
1012 1349
953 1397
953 1150
128 953
1330 1389
997
995
953
368 528 1185
1000
1393 68
1464 886
1003 1182
1184 1003
1003 951
1005
881 699 366 951
945 1011
528 945 205
881 207
1010 1349 399
353 1330 1007 951
1007 951
1009
768
1183 1649 951
1014
953 1017
1015 951
1017
1176 1018
1409 995
353 1012 951
1020
1021 951
1023
651
1024 945 1182
1183 170 951
136 945
169
169 531 951
353 1330 1025 951
1027
353 1330 1035 951
1034
1185 951 383
1184 74
528 340 277
528 531 340
303
464 303
998 303
1222 303
602 303
617 303
1495 303
1334 303
514 1349
1330 1038
1330 1037
528 1657
353 1330 1029 951
1029 951
1031 951
1031
1601 332
859 814
816 861
80 284
1182 1047
377 881
1183 1044 951
1182 15
18 1182
1051 951
1051
1049 951
1183 1393 951
1393 1397
368 1052
1055 1349 399
353 1330 1052 951
1052 951
1054
1056
353 1330 1060 951
954 946
946 955
353 1330 1062 951
1061
1064 1605 951
616 953 900
953 900 1566
953 900 1569
960 953 900
953 963 900
953 1226 900
953 900 1229
616 953 795
953 795 1566
953 795 1569
960 953 795
953 795 963
953 1226 795
953 795 1229
616 953 798
953 798 1566
953 798 1569
960 953 798
953 963 798
953 1226 798
953 1229 798
898 614 951
898 1564 951
898 1567 951
898 958 951
961 898 951
1224 898 951
898 1227 951
793 415
416 793
417 793
793 418
793 419
793 420
793 421
796 415
416 796
417 796
418 796
419 796
420 796
796 421
793 614 951
793 1564 951
793 1567 951
793 958 951
793 961 951
1224 793 951
793 1227 951
796 614 951
796 1564 951
796 1567 951
796 958 951
961 796 951
1224 796 951
1227 796 951
112 1185 951
528 25
1349 1070 399
353 1330 1067 951
1067 951
1069 951
1069
1662
1071 951
1073
1393 1397
1393 1150
1044 951
1046
1183 715 951
528 292
528 1393 1183
1075 951
1077
531 1078 951
320 531
353 1330 1087 951
1089
353 1090 1330 951
1092
353 1330 1093 951
1095
1096 353 1330 951
1098
353 1330 1083 951
1393 1082
1085
1078 951
1080
849 1330
715
1100 1332
1102
1183 777 951
1393 1103
1109
1100 901
1393 1100
1106
945 139
1464 1393
531 140 951
1074 531
1393 1491 951
376 1169
1168 382
376 1170
376 1162
376 1163
376 1165
376 1160
376 1159
1160
1159
1165
1161
1183 1219 951
1219 1397
1219 1150
648 945
528 1393 1183
528 1185 1393
945 941 1182
525 142
1110 951
1112 951
1112
241 1349
1330 396 1349
353 1114 1330 951
1116
945 1124
945 1121
1117 1502 951
353 1330 1124 951
1126
353 1330 1121 951
1123
945 1530 1117
945 1530 1117
1127 1349 399
353 1330 1117 951
1119
1128 953
1130
1128
1128 353 1330 951
1330 1155
1018 1330
1132
1134
1158 382
376 1159
1164 382
376 1156
1157 382
1156
1164
1083 859
859 1093
1096 859
1090 859
859 1087
405
403 405
403
1162 405
1096 786
786 1090
786 1087
528 1346
1137
1138 951
1140
1136
1143 951
1141
1104 1330
1144 1393
1146
945 119
1141 951
1143
1039 525 951
1033 525 951
1040 525 951
353 1330 1147 951
1149
1502 126
1167 1598 951
1598 1166 951
1152 353 1330 951
1154
342 270
0 951
1120 1185
269 1182
267
353 266 951
720 1557 942
1174
1172
293 879
1181
1179
951 1194 399
1182 1150
953 1397 1182
953 1182 1150
128 953 1182
1397 1182
128 1182
1184 353 951
1186 357 951
1184 1397
1184 1150
128 1184
1330 1182
951 1349 1182 399
1184 1183
353 1330 1193 1349
1178 951
1178
353 931
1640 353
353 562
353 682
353 625
353 690
608 353
353 595
1189
1187
945 1172 1182
1192 353 1330 951
1192 951
1192
1190
353 1330 1190 951
1349 1182
1193 1187
1401 1186 951
1194
1401 1186 951
1196
1179 1187
658 1349
951 1179 271
528 1193 1349
1197 951
1199
947 1396 1199
945 953 1396 1197
1199 947 1151
945 953 1197 1151
1200 1199
1202
1200 1182 951
1184 1200 951
1205
1203
633 531
1330 687
1330 1653
1332 1655
1330 1021
1332 1023
1330 644
1332 646
689 1332
1330 1637
1332 1639
609 1330
611 1332
1330 583
585 1332
1330 1517
1332 1519
586 1330
588 1332
345 1330
347 1332
1330 622
624 1332
922 1330
924 1332
1330 1006 951
640 1330 951
1648 1330 951
1330 844 951
953 1332 846
1330 492 951
619 1349 951
641 1349 951
1649 1349 951
915 1349 951
1349 605 951
1349 525 951
951 1349 591
951 1349 399
951 1349 679
1621 1349 951
1012 1349 951
1352 622
1352 922
945 1187 1182
947 1396 1189
947 1189 1151
1208
953 1209 1599
953 1206 1599
953 1599 1207
953 1210 1599
531 428
1212
852 1605 951
951 1605 839
1211 1605 951
1218
1215
1213
528 1393
1346 764
513 1330 951
1226
1229
1232
1233 1349
1235
368 1329
152 364 951
951 364 151
528 249
150
353 1330 150 951 1183
528 1621
149
353 1330 149 951 1183
242
528 153
148
353 1330 148 951 1183
528 1385
353 1330 1239 951
1241
1243 951
1245
1371 1243
1246 486
528 1459
1183 881 951
1184 1364
353 1330 1249 951
353 1330 1251 951
353 1330 1253 951
353 1330 1255 951
353 1330 1257 951
353 1330 1259 951
353 1330 1261 951
1263 951
1265
1349 1317 399
951 1349 1335 399
1 1330
2 1332
1330 3
4 1332
1330 5
1332 6
1330 7
8 1332
9 1330
10 1332
1330 11
12 1332
1330 13
1332 14
1594 1621
1450 1530 1269 951
920 1450 1269 951
951 399
528 1183 303
1183 1390 951
1390 942
528 945 1330 951 1271 1183
1392 1330
353 1330 1273 951
353 1330 1275 951
353 1330 1277 951
353 1330 1279 951
353 1330 1281 951
353 1330 1283 951
353 1330 1285 951
944 1265 1189
1287
1183 1237 951
10 701
701 14
353 725 951
353 1483 951
764 303
353 1290 1330 951
353 1330 1292 951
353 1330 1294 951
1296 353 1330 951
353 1298 1330 951
353 1330 1300 951
353 1330 1302 951
833
1183 228 951
715
353 21
274 951
1330 907
227
805
1304 353 1330 951
353 1306 1330 951
353 1330 1308 951
353 1330 1310 951
1312 353 1330 951
353 1314 1330 951
353 1330 1316 951
1289 1330
1290 1332
1330 1291
1292 1332
1330 1293
1332 1294
1330 1295
1296 1332
1297 1330
1298 1332
1330 1299
1300 1332
1330 1301
1332 1302
1303 525 951
1305 525 951
1307 525 951
1309 525 951
1311 525 951
1313 525 951
1315 525 951
353 1330 1323 951
1322
1328 881
1324 1349 399
1318 951
1320
1020 1332
1330 951
1332
353 1330 951
616 117
161 1566
1569 159
960 135
963 133
1226 147
145 1229
616 953 84
953 86 1566
88 953 1569
960 953 90
953 963 92
953 1226 94
96 953 1229
616 953 98
953 100 1566
953 102 1569
104 953 960
953 106 963
953 1226 108
953 1229 110
616 953 43
56 953 1566
953 54 1569
960 953 47
953 963 45
953 1226 51
49 953 1229
616 953 28
953 29 1566
953 30 1569
960 953 31
32 953 963
33 1226 953
953 34 1229
616 953 35
953 36 1566
953 37 1569
960 953 38
953 963 39
40 953 1226
41 953 1229
1100
1330 255
353 138
353 253 951
1176 1335
1337
528 1397 293
1330 951
1330 1349 951
458 1338
1343
1343
1176 1338
1340
1345 945 951
1330 1219 951
528 1267
528 353 1288
1338 1467
844 1349
1352 353
353 1349
1401
130
1349 525 254 951
528 165 1183
528 945 1328
945 1350
1464 1350
500 1182
1353 951
1355
1288 951 1330 399
940 1332
1357
353 1330 838 951
353 1330 951 367
114
1362
353 1330 76 951
1360 1349 951
353 881 1330 951 767
1363
951 52 719
353 1330 1367 951
1369
1370 1349 399
353 1330 1364 951
1364 951
1176 1364
1366
951 1371 399
1379 951
1381
1330 229
528 1272
528 1274
528 1276
528 1278
528 1280
528 1282
528 1284
368 1382
1384
1330 1434
1436 1332
1372 525 951
1373 525 951
525 1374 951
525 1375 951
1376 525 951
1377 525 951
1378 525 951
1344 531
531 341
1332 1510
1349 661
1241 1385
881 236
353 1330 1385 951
1385 951
1387
1400 342
129 342
1400 935
129 935
1400 995
129 995
1400 1645
1390 1187 942
353 1388 951
353 1390 951
353 1271 951
1330 1391
1393 458
1400 1629
1393 951
1395
1216 1396 951
1216 1151 951
945 1330 1398
353 1371
353 1399 951
1409 1330
1411 1332
1403
353 762 951
945 650 1330
1412 255
353 1401 951
353 1419 951
1656
1002 676 951
957 639
353 1330 1409 951
1411
1414
353 1413 951
1417
1415 951
1048 629
945 1530 590
920 945 590
945 618 1530
920 945 618
945 1530 604
920 945 604
945 1530 683
920 945 683
945 595 759
625 945 759
608 945 759
945 690 759
1656
1418
1330 1407
914
528 1187 1471
1330 844 1349 423
720 942 887
1183 715 951
1393 1423
1425
1464 79
881 1446
1330 1428 951
1330 1430 399
1349 1437
337 531
1393 1187
1393 1187
1439 1349 399
1349 1438 399
1434 951
1176 1434
1436
928 764 951
1464 881
1183 1468 951
1393 1507 157
1183 1427 951
1440 951
1184 1442
353 1441 951
1464 581 951
1442 951
1444
1449
1447
1452
1455
881 1469
531 286 951
1175 531 951
1456 353 1330 951
1458
1456 268 951
1213 942
944 1215
1464 1183 951
1464 1185 951
1426 1349 399
945 1463
1464 951
1466 951
1466
1397 783
1466 783
353 1330 1467
1473
1393 1461
353 1330 1475 951
1477
1184 945 948
353 1330 1453 951
491
1183 1484 951
715 693
945 1219
1466 1485
1487
289 1450 528 951 1464
1488 353 1330 951
1490
1493
1494
1330 1506 951
672 531 951
368 673
675
1184 678
945 674
353 1063 951
665 666
666 669
789 629
1185 1182 951
531 1446
945 1530
1517 951
1519
353 1330 1503 951
1505
299 887
299 887
1183 113 951
1187 143
1512
1330 1508
1513 1349 399
353 1330 1508 951
1510 951
1508 951
1176 1508
1510
1516 951
1516
1349 399 528 945 243 951 377 250
1420 789
715 789
1520 945 1151
1522 947 1151
1520 945 127
1522 947 127
1525
1522
353 951 679
129 1514
679 631
353 1506 951
353 1507
1506 1349
789
162 342
1184 1531
859 805
1330 1533
1532 1605 951
859
861
1393 1532
1535
1393 1187 1015
945 1557 789
945 1557
789 1015
1560 1349 399
1557 951
1559
901 1182
353 1330 1561 951
1563
1566
1569
353 1330 1570 951
1572
1574
944 1189 246
1577 1332
1579
881 165
1580 1349 399
1575 951
1577
1581 277 951
353 1330 1618 951
953 308 1623
313 953 1623
1591
1183 1593 951
1592
277 1582
1330 1588
1589 1349
1587 1605 951
353 1330 1596 951
353 1330 1595 951
1184 1597
1600 1330 951
1349 1598
1601 953 1332
1600
1607
1611
1614
953 811 1623
1613
1183 1615 951
528 1604 1183
1617
953 788 1623
1610
368 1603
953 869 1623
786 1611
528 1187 886
353 1330 1619 951
293 1583
1602 1502 951
1586
353 1330 1618 951
1618 374
353 1330 1620 951
353 1605
1623
368 1117
1585 764
1584 1605
364 670 951
945 1628
528 548
1621 1349
1629 951
1631
1183 1247 951
1636
1634
528 389 942
353 683
1409 1629
844 1621 951
1637 951
1639
1065 1621 951
881 206
1644 1349 399
353 1330 1641 951
1641 951
1643
1393 1641
1419
1632 1183 951
1645 951
1647
1645
1651
1649 1349
1409 1645
1653 951
1655
1661
770
1656 353 951
353 1657 951
1662 951
1664
353 1330 1658 951
1658 951
1660
353 1330 1667 951
1667 951
1665
353 1330 1665 951
1667
512 951
1080 951
1464 1243
