2
4
6
8
10
12
14
16
17
19
20
24 945 458
23
57
59
61
63
953 67
66
64 947
947 60
58 947
947 62
81
117
161
159
135
133
147
145
84
86
88
90
92
94
96
458 83 614
458 1564 85
458 1567 87
89 458 958
961 458 91
1224 458 93
458 1227 95
98
100
102
104
106
108
110
97 458 614
458 99 1564
458 101 1567
458 958 103
105 458 961
1224 458 107
458 1227 109
1183 124 951
1185 124 951
1183 125 951
1185 125 951
945 138
163
166
171
177
191
190
181
195
185
200
186
198
187
179
194
197
1183 1213 182 951
1183 201 1213 951
458 173
232 947
947 172
947 167
178 947
1185 951 215
1185 214 951
208 1185 951
1185 219 951
209 1185 951
224 1185 951
1185 210 951
1185 222 951
1185 211 951
1185 340 951
1185 218 951
1185 221 951
1074 1221 951
1074 598 951
1074 491 951
1074 613 951
490 1074 951
1074 1171 951
1497 1074 951
1074 1266 951
1074 966 951
1074 468 951
968 1074 951
945 458 283
282
231
947 660 1215
245
945 1329
945 278
280 947
280 945 458
279
1185 261 951
953 263
262
945 589
1418
458 1564 277
458 277 1567
458 277 958
961 458 277
458 1227 277
1224 458 277
458 277 614
458 277 599
458 277 1230
945 291 1213
672 1625
22
24
945 429
368 233
945 236 1182
953 235
234
296 303
303
953 298
297
531 299 1182
300
301
412 303
931 349 951
458 956 303
458 531 1338
947 308
307
309
313 947
312
458 315
1600 1589
1288 317
316
458 319
881 303
1393 951 143
458 293
1393 951
945 325
1624 1593
1288 323
322
1288 327
326
953 330
329
328
464 718
718 998
1222 718
602 718
617 718
718 1495
1334 718
1460 718
277 303
336 945
332
334
396 334
510
945 333
336 368
531 422
458 531 293
338
337
953 295
1178 295
294
345 945 951
238
873 508
945 342 951
344 953
343
458 399
931 399
1028 399
396 951
458
345 458
345 945
953 347
346
458 348
360 1407
352 945 458
953 351
945 357
1371 342
458 423
603
76
931 452 1012
945 314
945 402
403 947
945 402
953 403
945 404
947 405
945 404
947 405
945 404
953 405
945 406
355
361 945
408 953
362
42 613
1171 55
1497 53
1266 46
44 966
50 1223
48 1234
1184 306 1330
952 358
945 364
0 366
458 956 367
256
368 531 1182
953 370
369
945 380
945 458 382
458 374
381
284
377
1390 374
368 377
377 1390
1536 377 458
945 458 379
953 379
1178 379
378
1183 890 951
1182 711
945 1182 1263
945 299 1182
1184 945 299
1184 945 1341
945 1182 463
458 386
385
392 945 951
945 389
953 391
390
393
945 458 388
387
394 1279
1296 394
1185 1155 951
304 1183 951
395
409 945
945 410
945 410
1083 1093
1096 1083
1090 1083
1083 1087
324
321 458
396 276
128 396
945 1182 367
945 399
945 502
945 1367
400
407
945 458 411
1371 412
873 508
113 951
377 1333 951
945 413
945 414
1185 259 951
425
430 719
763 430
1405 430
432 945 458
730 434
953 435
953 431
433 953
945 458 427
953 427
425 953
426
361 438
436 951
953 438
438 1239
439
513 458 452
1537 458 436
945 458 438
953 436
437
1184 1330 455
441 945
1288 443
442
945 444
947 446
873 458 945 452
458 1187 452
458 1538 444
945 458 446
953 446
445
448 945 458
449
452 951
452 486
458 452
1396 452
452 1151
452 783
452 1213
452
368 452
458 1539 452
945 458 454
953 454
453
928 451
1467 436
1184 457
945 458 951
945 458
458 1371
353 1330 953
953 373
372
945 461 1182
1184 945 461
945 1269
1183 466 951
1185 466 951
396 1421 671
469 303
474 458 945
473
953 471
470
953 475
476
25 953 1069
942
1178 475
480 458 951
481 953
945 458 482
945 458 485
953 484
458 483 951
528 458 1187
873 458 945 956
945 458 487
953 487
488
489
945 493
945 499
945 498
945 495
945 494
497 945
496 945
241 458
1280 396
1297 396
396 1284
396 1301
504 945 458
503
945 458 507
953 507
506
508
229
508
1183 509 1213 951
510
512 1464
511
1060
947 518
947 519
520 947
521 947
522 947
523 947
947 524
1290
1292
1294
1296
1298
1300
1302
517 951
516
945 525
526
529
530
945 458 532
953 532
533
534
945 458 535
537
545 719
545 763
545 1405
544 953
953 542
945 458 547
730 543
953 546
548 1213 951
396 548
552 460
552 458 531
555
552 561
555
458 531 550
945 458 551
953 551
945 458 554
953 554
840 554
554 550
553
945 1219 303
945 556 951
953 558
557
458 531 559
560 945 458
560 953
1640 873 458 945
568 953 1215
945 458 566
945 458 563
564
565
952 566
567
569 1561
1563 571
570
956 572 951
953 574
573
945 575
945 578
577 458 945
576
337 948
230 951
945 581
458 1540 578
945 458 578
945 458 580
579
578
1213 1150 951
1213 1397 951
945 951 583
945 583
931 583
585 953
584
458 525
458 605
945 718 374
945 586 951
458 591
953 588
587
1 458
458 3
458 5
458 7
9 458
458 11
458 13
376 953
375
592
65 945
80 951
79
945 458 82
26
1248 562 951
562 1250 951
562 1252 951
562 1254 951
1256 562 951
562 1258 951
562 1260 951
945 595 951
1418
528 458 594
600
606
608 945 951
609 945 951
953 611
610
615
458 123
121 953
120
458 119
1288 945 693
122
458 619
620
624 953
623
73
74
1288 626
627
628
68 1182
458 69 951
945 71
501 1182
1213 630
72 1185 951
1393 455
1185 951 631
881 458 638
633 1233 951
634
635 1396
635 1151
945 635
500 1182
945 78 951
273 237
639
365
115
175
642
953 646
645
1185 77 951
1183 77 951
1185 77 951
648 945 1213
648 945 1182
1024 651
1183 941 951
396 150
1150 655
657 1150
128 655
128 657
656
653
945 636
945 365
1183 75 951
659
458 661
1185 126 951
130
1396 663
1151 663
664 930
666 1531
930 668
1184 1431
953 1433
1432
458 679
680
685
458 687
1330 687
689 953
688
945 690
1185 691 951
1393 789 951
458 692
953 1043
1042
945 693 1182
1183 1498 951
1185 1498 951
1496 1183 951
1496 1185 951
1183 1479 951
1185 1479 951
1183 1526 951
1185 1526 951
1480 1183 951
1480 1185 951
1183 1529 951
1185 1529 951
1183 1481 951
1185 1481 951
1528 1183 951
1528 1185 951
1183 1478 951
1185 1478 951
1183 467 951
1185 467 951
1183 1501 951
1185 1501 951
1183 1527 951
1185 1527 951
697
537 698
1627
1627 694
1627 695
1626
180
192
196
188
189
204
193
199
118
274
1033 613
1032 1171
1033 966
1171 1036
701
155
1437 70
945 702
945 749
705
953 707
706
945 458 710
709
713 953
712
0 1280 1281 515 1412 1029 1665 1034 396 1169 531 148 532 1557 1434 1052 1182 1184 1440 931 1187 1318 1575 1321 682 1067 1453 945 562 563 436 444 1598 578 452 458 973 718 595 1364 726 729 475 1117 1502 608 1507 1508 1128 873 1640 1641 1390 1007 1135 625 881 1141 887 377 1147 1278 1279
715
945 715
1330 717
716
945 598
945 613
945 1171
945 1497
945 1266
945 966
945 1221
945 602
617 945
945 1495
945 1499
945 1334
945 964
945 1460
945 1236
945 998
945 1222
531 601 458 953
616 953 458 531
953 458 531 1566
953 458 531 1569
960 953 458 531
953 458 531 963
953 458 531 1226
953 458 531 1229
953 994 531 458
1232 953 458 531
1183 718 951
1185 718 951
984 1182
721
722
720 928
725
945 725
780
458 724
723
1350 726
1396 766 951
1151 766 951
1025 763 1213
1152 763 1213
763 708 1213
472 763 1213
763 1213 1475
728 945 458
728 953
953 726
727
728
945 458 733
953 732
734
736 945 458
953 735
740 719
763 740
740 1405
737 953
953 739
945 458 742
730 738
953 741
729 719
945 458 731
730
746 719
746 763
746 1405
745 953
953 743
945 458 748
744 730
953 747
749 719
763 749
1405 749
945 458 751
730 703
704 953
953 750
953 702
755 719
755 763
755 1405
953 754
752 953
945 458 757
753 730
953 756
728 953 1215
945 1461
764 951
1185 951 759
1185 1412 951
1183 1412 951
0 1127
458 762 951
1183 762 951
1185 762 951
953 766
765
764
1150 783
128 783
714 458
776 945
1379
458 773
953 775
774
953 779
778
1288 772
1288 772
771
0 945
781
953 782
945 783
785 953
784
832 303
947 788
682 786 951
787
877
897 947
898 613
898 1171
1497 898
898 1266
898 966
898 1223
1234 898
792 945 458
791
1184 898
898 1396
898 1151
898 127
945 458 795
794
945 458 798
797
801 458 945
800
945 458 804
803
945 898
879
1185 878 951
833 945
1184 805
945 805
1330 807
806
811 947
810
812
817
1182 823
820
825 953
824
953 822
821
953 819
818
458 814
813
945 1110
1608 858
1288 828
827
953 831
830
1640 786 951
816 945 458
816 953
815
1330 835
834
1288 837
836
1330 789 1182
0 838
458 764 838
841
945 843 1182
847
458 844
849 945
849 945
845
873 715
1184 945 855
945 853
857 945 1213
881 458 1385
1434 1502
458 915
910
859 303
947 1396 861
864 953
863
1330 910
1330 462
264
865
953 867
866
354
1608 1002
808 1608
1608 854
868
872 953
871
945 458 861
1288 861
953 861
860
462
458 786 951
881 458 1187
873 458 1541
945 458 875
874
826 1182
881 458
233 883
881 458 578
881 951
1184 881 945
873 945
875 947
945 1371 873
880
368 873 1185 951
1185 885 951
881 458 1542
945 458 883
953 883
1178 883
882
886 951
891
892
887 303
945 458 895
953 895
894
896
945 458 900
1330 900
899
953 903
902
904 1182
458 901
458 901
1502 1182 887
1183 886 951
1185 886 951
953 909
1178 909
908
907 1396
907 1151
907 127
905
904
904 458
1056 945
945 1155
458 1543 887
889 953
889 1178
888
849
913 458 951
458 914
912 945
1185 915 951
873 458 945 1649
916
1184 274
458 862
1185 850 951
945 918
945 790
792 947
793 945
795 947
945 802
947 804
945 796
947 798
945 799
801 947
1024 919
920 928
458 922
953 924
923
945 934
928 458 1456
926
1185 925 951
930 947
928 945 458
945 930 458
929
458 884 887
945 931
945 931
945 851
458 931
945 931 951
932
945 951 935
1371 935
937 953
936
937
870
829
947 869
943
946
947
948 1213
948
949
939
940
180 1182
192 1182
196 1182
188 1182
189 1182
204 1182
193 1182
1182 199
1233 244
184 953
183
528 945
396 957
1138 957
959
962
964
769 945 1321
458 972
458 988
1057 356
356 981
356 1325
856 356
248 458
458 859
1104 458
458 770
953 994
945 458 969
953 969
970
945 977 1182
976 945
1544 458 973
945 458 975
953 975
974
945 979
945 980
1345 945
458 239
953 985
986
242
272 458
637 1213
953 203
202
989
1183 989 951
1185 989 951
1184 985
985 458
985 1467
881 1011
945 995 1182
993
992 303
1371 995
938 1396 951
938 1151 951
951 938 127
945 1388
996
997
952
1184 1001
508
1000 945
1001
1183 261 951
1185 261 951
953 1005
1004
873 1363
699
114 951
368 1007
1545 458 1007
945 458 1009
953 1009
1008
945 1012
945 1012 1182
1013
1015 951
953 1017
1016
1178 1020
945 1021
458 1021
1019
953 1023
1022
1024
1183 941 951
168 1182
168
136 945
945 206 303
945 458 1027
1026
945 458 1033
1035
1184 73
1185 951 111
1074 292 951
951 1074 303
290 531
216 531
531 220
531 212
531 213
226 531
217 531
531 223
562 1038
945 1037
424 945 1288
174 951
945 458 1031
953 1031
953 1029
1030
537 1586
945 1049
1051 947
281 945
1183 1155 951
945 285
1048 945 1182
1183 1047 951
1048 1183 951
953 1049
1050
953 1051
1041 1182
1041 1396
249 881
458 1546 1052
945 458 1054
953 1054
1053
928 1155
945 458 1058
536 952 959
952 1061 959
945 458 1057
1062
1065 1581
43 947
56 947
947 54
947 47
947 45
51 947
49 947
947 28
947 29
947 30
947 31
32 947
33 947
34 947
35 947
947 36
947 37
947 38
947 39
40 947
41 947
945 116
160 945
945 158
945 134
945 132
945 146
144 945
1289 83
1291 85
1293 87
89 1295
1297 91
1299 93
1301 95
97 1289
1291 99
1293 101
1295 103
105 1297
1299 107
1301 109
945 83
945 85
945 87
89 945
945 91
945 93
945 95
97 945
945 99
945 101
945 103
105 945
945 107
945 109
1184 1434
1067 951
1547 458 1067
945 458 1069
953 1069
953 1067
1068
1071
953 1073
1072
1396 1044
1044 1151
953 1046
1045
1144 1182
1074 951
1075 1182
953 1077
1076
945 886 303
1083 303
1089 458 945
1088
945 458 1092
1091
945 458 1095
1094
945 458 1098
1097
945 458 1085
1288 1085
1084
1080 953
1079
1099 844 951
1100
1330 1102
1101
1107 1182
1288 1109
1108
945 1103
1288 1106
1105
140
1132
945 1346 1219
1081 277
1113 569
1167
1167
1166
1169 947
1170 947
947 1167
947 1165
947 1164
1162 947
947 1158
1169 947
947 1163
1182 1078
1396 1078
1078 1151
267
1182 1078
1184 1078
142 1183
154
1112 953
953 1110
1111
562 141 951
945 458 1117
945 458 1116
1115
1117 942
1117 942
269 957
945 458 1126
1125
945 458 1123
1122
1531 1124
1121 1531
458 1548 1117
945 458 1119
1118
1130 951
1129
1130
945 458 1130
629
945 1131
945 139
1133
1169 947
1160 947
947 1167
947 1159
1168 947
947 1157
1168 947
945 1093
1096 945
945 1090
945 1087
945 1086
1160
1159
1156
1161
1090 1330
1330 1087
1330 1086
1137 951
1136
953 1140
1139
1467
953 1141
1143
945 1100
1288 1146
1145
1107
953 1143
1142
514 1063
514 1039
514 1327
945 458 1149
1148
945 206 1135
1587
1587 1167
945 458 1154
1153
945 268
1120 945
1184 1135
1183 1135 951
266
458 270
945 1213 287
1173
1174
945 306
1180
1181
945 1182
1183 1151 951
1183 1396 951
1183 1151 951
1183 127 951
1183 1396 951
1183 127 951
458 1182
945 1182
1185 1396 951
1185 1151 951
1185 951 127
1184 945
458 1187 658
1185 1182
945 458 1179 1371
1176 953
1177
458 844
458 1605
458 492
458 676
458 618
458 683
458 604
458 590
1188
1189
1183 1203 951
945 458 1190
953 1190
1191
1192
1192 945 458
1194 458 951
945 1194
945 1194
1196
945 1196
1195
945 1186
1193 458 951
649 1193
1371 1398 951
953 1199
1198
1202 1397
1200 1397 951
1202 1150
1200 1150 951
1202 1197
1201
1203 1213 1183
1185 1203 1213
1204
1205
1426
945 684
945 1649
1651 947
945 1012
947 1014
641 945
643 947
947 686
945 1621
947 1623
945 605
947 607
945 525
947 527
945 679
681 947
945 591
593 947
945 399
401 947
945 619
947 621
945 915
947 917
945 1028
945 647
945 1652
945 931
947 933
945 562
625 945
945 647
945 1652
945 931
608 945
945 562
945 595
945 458
945 682
1640 945
945 1028
625 945
945 931
1183 1197 951
953 1397 1199
953 1150 1199
1209
537 1210
1212
1212 1206
1212 1207
1404 303
1211
1614 839
1608 428
1608 852
1217
1214
1215
1219 951
531 143
486 1239
1225
1228
1231
1024 769
1236
881 1237
396 148
396 149
170 951
1213 151
945 458 1182 151
1242 951
152 1213
152 945 458 1182
945 1238
225 951
153 1213
153 458 945 1182
1239 951
945 458 1241
1240
953 1245
1244
1242 1349
1330 1247
368 1507 951
945 52 1182
1185 52 951
1248 945 458
945 458 1250
945 458 1252
945 458 1254
1256 945 458
945 458 1258
945 458 1260
953 1265
1264
458 531 1262
458 371 1268
1248 945
1249 947
945 1250
947 1251
945 1252
947 1253
945 1254
947 1255
1256 945
1257 947
945 1258
947 1259
945 1260
947 1261
1600 1619
1531 1270
921 1270
945 478
1393 531 1182
1182 1271
1213 1271
1329 691 1182
945 1271
1272 945 458
945 458 1274
945 458 1276
945 458 1278
1280 945 458
945 458 1282
945 458 1284
947 1287 1215
1286
252 1182
1281 1062
1285 1062
458 715
1482 458
1393 531
945 458 1289
945 458 1291
945 458 1293
945 458 1295
945 458 1297
945 458 1299
945 458 1301
832
227 1182
805
458 227
945 275
945 156
155
786
945 458 1303
945 458 1305
945 458 1307
945 458 1309
945 458 1311
945 458 1313
945 458 1315
945 1303
1304 947
945 1305
1306 947
945 1307
947 1308
945 1309
947 1310
945 1311
1312 947
945 1313
1314 947
945 1315
947 1316
898 493
898 499
498 898
898 495
898 494
497 898
496 898
945 458 1321
1323
368 1318
458 1549 1318
1320 953
1319
947 1134
953 1332
1331
945 458 1332
1249 947
947 1251
947 1253
947 1255
1257 947
947 1259
947 1261
1273 947
947 1275
947 1277
947 1279
1281 947
1283 947
947 1285
1290 947
947 1292
947 1294
1296 947
1298 947
947 1300
947 1302
1249 947
947 1251
947 1253
947 1255
1257 947
947 1259
947 1261
1273 947
947 1275
947 1277
947 1279
1281 947
1283 947
947 1285
1290 947
947 1292
947 1294
1296 947
1298 947
947 1300
947 1302
1099
945 258
240 458
458 1335
1337 1178
1336
945 1396 1393
945 1349
1352 945
1344 353
1342
1341
1178 1340
1339
257
528 945 1288
254 951
458 1219
1464 1346
945 1347
458 1349
458 1330
1400
129
562 578 253
1348 1182
1348 951
1213 1351
1351 783
1183 1353 1213 951
953 1355
1354
945 458 1393
947 1357
1356
458 1358 887
458 767
1359
1360 945
256 458 452
1361 945
873 458 945 758
1362
1364 718
1369 458 945
1368
458 1364 1550
945 458 1366
953 1366
1178 1366
1365
1401 458
953 1381
1380
1288 1441
1372 951
1373 951
1374 951
1375 951
1376 951
1377 951
1378 951
881 228
1383
945 1382
1384 947
1434 493
1434 499
498 1434
1434 495
1434 494
497 1434
496 1434
1330 1346
1330 303
1512 947
458 1267 951
1387 1239
368 1385
945 458 1387
953 1387
1386
345 1330
586 1330
922 1330
1330 622
1330 1021
1330 644
1330 1653
945 1388 1213
458 1389
458 1391
1392 458
945 1390
1288 353 951
1330 1637
953 1395
1394
1397 1213
1213 1150
629 999
458 1399
1400 458
945 1401
1403 947
1402
458 1412
596 255
650
1409 458
458 1406
1419
1040 678
1408
945 458 1411
1410
1415
458 1414
1416
953 1417
1413
353 1531
353 921
1531 844
921 844
1531 492
921 492
1531 1605
921 1605
760 458
760 931
760 562
760 1640
1418
1401
945 271
1420
945 1462 951
945 458 931 1453
945 1213 1422
1182 1423
1288 1425
1424
945 1445
368 1445
1438 1430
945 458 1429
458 1434 951
1434 303
1431
1434
1552 458 1434
458 1551 1434
953 1436
1178 1436
1435
288 945
945 1468
945 1469 1182
1000 1459
1182 670
1427 726
176 1185 951
1442 458
578 1470
953 1444
1443
1448
1449
1451
1454
368 1471
1456 303
1456 303
945 1458 458
1457
1385 397
1216 951
953 1218
945 1474 1182
1184 945 1474
458 531 1463
157
953 1466
1464 953
1465
1464 1396
1464 785
1464 458 531
1472
1288 1473
945 458 1477
1476
1185 1450 951
945 458 1455
1498
395 1182
1420 789
1485
1464 1487
1486
368 1213 1488
945 458 1490
1489
1492
1499
945 1507
673 303
881 674
674
1185 675 951
677
1064 458
664 667
667 668
1483
1184 953 1183
945 1467 1500
1531 942
953 1519
1518
945 458 1505
1504
457
1508
1508 1182
1508
1511
945 1326
1553 458 1508
945 458 1510
953 1508
953 1510
1178 1510
1509
953 1514
1515
458 691 578 1575
1656 1401
1656 693
1523 1150 951
953 1525 1150
128 1523 951
128 953 1525
1524
1521
458 1517
1330 1517
684 1135
458 1503
458 1506
138 250 951
629
458 661
1185 1530 951
945 1532
945 1532
1608 805
945 1533
947 1535
1288 1535
1534
945 1557
1434 205
1434 1015
205
458 1554 1557
953 1559
1558
1183 131 951
945 458 1563
1562
1565
1568
945 458 1572
1571
1573
947 1574 1215
1579 947
1578
368 1575
458 1555 1575
953 1577
1576
195 1583
80 458 1596
947 1607
947 1591
1590
1592 945 1182
1589
195 1589
1288 1589
1640 951 311
1594 1589
880 458 1595
377 458 1597
1185 1588 951
945 1598
1024 769
947 1599
1601
1606
1608
1611
947 1613
1612
1608 945 1182
1182 1615
1616
1610 947
1609
881 1604
1617 947
1608 809
945 1633 951
458 380 1618
945 1582
0 1603
1585
281 458 1597
945 1620
458 1597 278
458 1621
1622
137 881
1584 945
1600 1602
396 1628
982
1628 951
1371 1629
953 1631
1630
1633 1182
1635
1636
1632 945 1213
458 684
945 1637
931 1637
953 1639
1638
945 1581
368 1641
1641 458 1556
945 458 1643
953 1643
1642
377 206
1657
945 1645 1182
953 1647
1646
1647
1650
1371 1645
945 1653
953 1655
1654
1658
859
458 1661
458 1662
1664 953
1663
945 458 1660
953 1660
1659
945 458 1665
953 1665
1667
945 458 1667
1666
953 510
953 1078
635 783
