951,371
1272,951
1330,138
277,1036
1502,366
1223,951
353,1031
1124,945
945,677
348,458
907,156
951,1660
531,1074
953,43
1615,1182
1219,1182
236,1385
1182,1529
951,613
1330,380
315,402
454,453
734,736
1263,1265
1187,452
1330,1440
951,855
1369,1368
719,1222
399,1052
1100,1099
919,1024
1349,608
10,947
951,747
1093,1096
1349,1547
1096,1330
1436,1435
1274,1373
1346,458
945,114
250,1575
353,239
1349,729
1187,1633
15,1183
1,1248
40,947
1397,396
1187,586
1040,1327
1332,681
126,1135
528,886
1114,458
176,175
353,1299
218,1074
1393,1041
1193,458
465,951
1327,458
396,1117
644,953
931,458
726,763
951,1110
715,833
524,1302
415,83
678,951
1447,230
399,1536
1453,1213
1343,1341
1184,759
881,758
1106,1105
1619,458
495,951
233,951
1150,128
715,725
150,1182
612,718
951,184
789,122
837,836
1570,458
363,953
951,1352
259,78
7,1254
353,1662
1330,1119
1517,945
1453,1455
1300,947
531,887
963,1298
613,1185
1566,56
995,1021
1251,947
1657,174
953,1253
353,736
1349,1226
1285,945
1574,1573
951,1594
1224,1460
1236,531
951,547
1349,1347
399,973
507,506
1183,789
1080,1078
1360,1361
881,1363
1450,1025
1293,1307
715,1330
951,789
951,560
574,573
541,396
141,691
1178,953
1305,499
1184,209
525,1327
793,95
1190,1192
528,578
1653,953
200,224
1332,1312
291,113
1330,448
975,974
1604,1182
1186,1194
353,173
1258,50
951,802
113,457
550,458
250,691
251,1330
127,1523
1025,458
1200,1213
367,458
1600,1598
1184,222
129,586
293,1182
580,458
1151,1213
342,586
793,458
1658,1660
531,458
844,918
598,1185
71,702
1358,873
580,579
1109,1108
1100,1288
945,182
314,315
945,1121
945,74
10,1257
951,1057
844,931
219,613
353,1596
951,239
151,149
125,951
1393,1109
1162,947
1241,1240
1645,1330
945,195
900,947
504,947
951,1407
399,436
958,134
528,1075
364,149
1183,252
887,1422
582,1540
981,1057
1182,1047
1330,945
951,360
1577,1576
436,439
50,898
1029,953
893,1184
480,482
1409,945
1187,78
779,778
951,1299
1147,945
1330,1295
525,898
561,555
838,1358
951,481
951,252
1360,945
790,792
1349,1281
1349,1052
953,32
317,316
945,1605
1330,1187
683,1605
915,945
951,602
953,1200
951,373
846,845
266,270
1296,1310
353,683
1390,945
1128,945
1172,951
1141,1143
1254,495
951,494
305,319
353,1033
1566,1292
353,804
1385,951
103,104
951,1662
1393,317
1330,1429
953,1213
118,119
1649,1182
353,1154
1330,382
315,404
953,1563
528,633
951,736
1314,1313
150,458
945,921
1184,1203
1349,1536
683,921
1096,1090
342,399
486,528
783,980
1187,575
1302,1316
1100,1330
1330,1563
951,749
1183,52
302,303
1227,95
172,947
1216,1397
409,402
353,241
205,114
399,357
1464,452
80,82
121,120
353,1409
924,178
951,52
1494,1499
399,478
1641,206
128,1183
1028,945
995,997
1330,758
951,173
1197,1397
1349,973
399,599
583,945
1051,1050
951,1112
104,947
544,953
399,1538
796,945
534,945
782,781
317,947
353,604
1387,1386
757,953
1302,524
233,953
269,1135
1151,1523
220,196
1187,951
796,1295
430,945
1393,238
879,1185
1434,1178
945,492
738,953
951,1475
944,1287
528,1372
80,458
618,1531
953,1255
951,428
1420,1401
951,1596
1070,1547
1183,670
462,910
1586,1585
1350,783
444,452
353,859
277,46
788,787
1087,1083
951,1488
1577,947
1334,960
850,847
1478,187
303,220
951,670
951,441
715,393
799,801
128,633
1270,423
14,1285
1182,1478
924,917
951,562
1176,909
651,1024
1645,1653
1184,211
1420,1656
1330,679
1151,1202
898,793
411,409
1186,1196
1029,458
1330,1618
951,1033
951,804
987,986
1066,1279
68,945
1649,1371
399,1230
127,1525
376,280
469,471
281,945
1349,786
1184,224
881,452
197,951
720,763
353,1464
293,1184
277,422
805,807
1272,458
876,458
1010,458
951,1046
65,953
1223,458
361,951
52,1364
1349,1028
1184,466
0,945
951,1167
1302,458
591,595
223,199
357,1182
314,317
353,1477
953,947
373,372
1393,1219
1164,1167
1274,1564
1253,458
1507,1506
991,192
951,1288
130,129
1334,531
353,1598
208,951
951,241
1224,107
353,551
951,1409
25,951
1171,1183
1279,945
1112,953
174,441
1230,945
951,1301
1639,1638
999,783
1330,1297
1226,947
1071,1073
881,1178
1621,951
255,258
953,34
1260,945
353,914
609,611
13,1260
1182,1412
1290,945
951,496
1385,953
951,1664
1503,945
1081,956
1250,499
446,445
1637,945
1117,1138
676,678
951,617
1219,368
1297,961
1349,599
1349,1538
1464,1488
953,518
708,458
479,635
353,1
1135,1434
951,859
68,1000
935,622
1580,1555
353,1169
1299,1313
691,1393
1439,1552
1100,1103
1144,1146
951,980
374,410
1334,223
389,1213
983,639
625,931
1239,336
759,931
1378,1434
1348,508
353,1411
368,228
277,598
700,701
1459,1507
636,945
951,1222
715,945
1176,1340
128,1185
907,886
277,490
70,951
928,945
1062,945
353,485
1301,1227
399,601
44,898
1183,188
637,1183
814,816
1330,881
879,945
399,1540
552,550
366,1363
951,67
1604,1615
951,1464
545,547
1530,353
525,1063
1449,1448
1151,1525
1187,1182
953,1015
951,188
796,1297
697,537
647,945
955,1061
881,883
14,1261
399,614
1221,951
742,953
382,381
1330,1123
385,386
1475,1477
1516,1515
353,619
559,953
1235,1236
528,1374
951,1477
1597,1588
953,1257
951,430
353,969
1349,1230
289,1213
951,1598
1312,1311
1349,412
951,551
785,784
353,861
277,48
1393,374
951,672
416,99
1300,1314
229,1441
1182,1480
951,793
1330,560
917,916
1197,1199
614,97
951,914
762,749
1253,1252
1330,452
953,694
113,1508
399,293
115,1288
1325,458
399,1232
1183,1048
1569,37
1135,1502
315,945
951,109
232,947
1093,458
1199,1150
528,945
817,819
951,1048
1116,1115
49,947
1306,458
353,1358
951,1
345,945
479,945
945,186
1385,458
1452,1451
261,951
951,1169
654,653
1621,1637
1187,887
353,661
353,432
1450,708
247,945
687,951
291,951
945,1475
1569,1568
1330,1057
1393,1113
762,1475
951,1411
44,966
487,489
208,1074
1330,1299
561,559
951,485
904,898
324,323
353,795
1182,125
1497,1183
953,36
1458,1457
660,659
1294,945
945,562
1189,1188
1469,1471
789,1483
391,390
454,446
1290,947
951,498
1656,1418
1007,1009
654,1150
745,743
578,337
1289,614
1236,953
1349,601
578,458
951,969
951,740
887,1213
1594,1600
1434,1382
353,1279
1330,736
1311,494
1349,1540
1330,507
953,520
1187,458
911,1543
1002,678
1662,953
951,861
608,458
353,1400
1624,1600
870,872
1349,614
559,458
397,396
1505,1504
223,1182
510,458
128,127
181,1185
353,474
1184,631
723,458
492,525
299,130
1623,1617
353,595
802,458
74,951
1055,1052
48,898
153,951
1338,1340
1176,295
353,487
399,603
528,1242
1450,763
951,1116
21,1182
1358,945
1330,883
277,613
951,298
1290,518
1467,1346
353,608
535,356
951,1466
913,945
724,780
701,1062
737,719
1169,1167
1495,1566
1564,1171
327,326
1268,126
602,531
998,531
1187,1184
796,1299
992,945
966,1481
353,729
1184,886
951,1587
399,616
951,1358
1393,242
1229,1302
1065,1581
528,1376
718,719
1017,1015
1349,293
53,1497
951,661
953,1259
1187,1197
951,432
973,945
1151,951
1041,325
1349,1232
1464,1182
528,1497
1593,1592
1186,945
1346,143
148,458
795,794
1507,1000
951,782
1075,1077
1364,951
353,1092
1497,1480
277,50
227,458
1335,371
497,1258
440,458
1328,368
1187,392
129,687
64,63
951,795
1226,1259
694,1627
1117,269
157,1459
1330,562
277,292
1450,1152
1219,1485
1184,215
353,1455
754,752
859,805
1330,804
399,1463
102,947
945,175
1332,621
886,763
311,303
1297,105
833,873
953,938
1438,458
376,405
1057,1032
951,1279
70,69
1618,281
341,303
444,953
951,3
562,945
777,870
1090,1330
1599,1207
945,188
399,658
951,1400
261,953
292,303
951,1171
1037,945
641,945
1442,176
951,353
953,951
34,947
1419,458
736,953
464,531
1639,232
1236,458
1370,458
1628,982
687,953
907,1185
425,953
951,474
805,945
409,945
340,1074
622,945
419,91
762,430
276,951
353,676
495,1254
768,366
1119,1118
1330,1301
951,487
881,1182
1497,1185
485,953
1182,127
951,1655
226,204
363,438
1397,1183
951,608
953,1206
353,1147
1294,947
1346,1137
1605,839
1251,1250
368,674
951,729
1372,493
1401,1194
1096,1083
1315,898
1332,313
377,578
881,377
548,1628
1582,195
1624,1589
1330,388
1362,1360
951,742
1078,783
353,1281
953,522
1183,984
251,452
951,1092
58,57
1087,458
531,277
1221,458
622,624
1307,498
1396,1213
590,591
1300,458
770,1461
951,1213
528,881
951,984
1257,1256
1513,458
1117,458
525,583
1251,458
1330,751
1187,931
405,1161
947,1215
737,1405
427,425
957,1408
1158,1169
1281,458
885,458
1062,1057
951,1226
1291,99
9,945
353,718
187,951
486,1247
1391,1390
556,525
814,1049
552,554
593,592
1150,1183
1258,945
826,1288
1471,945
1187,1186
796,1301
353,731
134,135
994,993
951,1589
452,444
1288,945
951,542
906,1294
1176,889
1517,953
1239,945
1182,182
494,562
977,945
1156,947
1335,1178
528,1378
1334,953
1330,1477
303,213
1330,1248
953,1261
1190,945
752,719
353,973
1349,1463
1151,953
263,262
1464,1184
1665,945
1007,945
792,791
465,396
1330,1598
1447,951
1330,1369
1655,1654
528,452
1364,953
1330,551
444,458
525,154
55,1171
1087,1089
1012,915
1330,1490
330,329
762,740
333,334
393,385
881,1371
1256,494
840,552
1349,658
924,923
945,982
425,458
731,730
170,168
1376,1434
951,918
250,578
953,698
36,1292
631,684
531,1500
1035,1033
630,1213
277,1583
798,797
514,1038
951,1039
353,1349
843,1213
353,531
436,1239
859,1049
353,423
1349,913
67,66
611,947
1452,1563
951,1281
930,929
269,1183
907,945
1041,945
910,462
47,1255
945,190
1349,1034
468,467
181,208
654,657
1330,1169
117,947
910,354
521,1296
997,996
1171,1526
1453,458
1183,368
492,945
728,727
947,1525
1189,1287
1629,1330
705,945
650,255
1434,71
1344,1346
1017,951
1483,458
1330,1411
1330,1182
951,368
1634,361
455,1184
1052,945
859,1533
751,953
489,953
1330,1303
277,1033
602,601
951,718
786,910
1047,951
398,276
1184,1185
353,1028
1330,485
964,953
1330,256
667,666
1491,1113
808,1608
30,1277
1182,1526
1196,1195
399,97
1397,1185
1531,1185
385,458
353,1149
1330,377
1390,1182
1184,259
1185,898
951,731
1401,1196
1216,1150
951,852
333,510
1396,1202
353,1391
1349,1652
1330,619
886,1396
531,1434
1661,1658
1664,1663
951,973
486,873
702,1437
953,524
1197,1150
290,180
699,873
47,947
1349,726
1183,168
618,921
1330,861
1121,458
1183,1107
634,636
293,306
933,932
1213,1215
519,1292
1596,458
1334,458
272,634
286,303
399,1641
1206,1212
953,766
299,242
951,168
945,353
28,947
1413,458
528,1233
1285,458
471,470
951,1107
458,945
1452,571
1397,635
1364,458
1401,525
537,945
13,945
1183,531
849,951
1569,1277
1338,1344
56,1251
424,1418
928,951
1294,520
951,1349
1460,1226
1233,769
752,1405
1330,1116
1182,989
879,951
221,951
361,436
951,1470
1426,531
1243,1349
951,423
920,844
371,373
1599,1627
353,733
647,951
528,1488
498,562
1184,72
1330,1358
951,544
906,1296
777,1182
1585,1584
677,951
1103,1288
1117,957
1273,945
786,1086
335,396
1061,1062
1309,898
1393,1535
1482,826
353,975
1330,432
1233,1024
1353,1355
377,285
1330,1371
1464,368
1185,953
953,1613
412,508
1280,961
1200,1197
740,458
951,678
808,858
1193,1194
1215,953
1645,951
1485,1487
915,1371
951,1028
951,799
1288,155
665,930
687,689
945,1213
353,1338
1330,795
1330,566
769,1024
1641,953
254,578
1183,1041
1184,219
325,458
1569,30
951,1149
399,1575
934,458
1289,97
1466,1487
1184,340
951,1041
844,915
355,458
128,1233
589,396
489,458
1090,1092
1389,1388
964,458
568,458
945,179
872,869
1183,236
100,1292
851,931
364,1301
190,1185
927,926
1349,97
141,1185
132,133
951,236
1393,1106
1514,1517
528,254
951,357
213,1182
1176,475
25,1067
1367,945
971,945
951,478
581,1470
1349,1278
922,945
1395,1394
953,29
951,1417
1018,1178
317,313
1330,1184
1397,945
1001,945
951,370
1126,1125
833,314
945,555
549,555
572,953
331,332
869,947
1330,1305
1078,303
1330,487
1330,258
1522,953
881,368
1182,1528
602,953
998,953
399,99
982,945
1520,1523
661,1267
1349,1641
1330,608
1349,1412
1330,379
1089,24
741,738
1184,261
1349,365
951,733
353,1272
293,992
925,451
235,233
1502,957
951,854
527,526
1187,572
138,458
1172,1203
951,975
3,4
844,849
51,947
1569,1253
1330,742
399,1401
1450,1561
383,1393
999,1396
859,1093
1332,788
382,1168
726,749
1199,1198
430,458
1400,922
80,79
401,400
353,1406
404,405
290,303
1623,1610
377,945
32,947
1514,1330
1187,935
507,947
320,303
306,368
27,953
945,1523
1058,1171
1479,181
960,1279
578,948
127,783
858,1002
9,10
869,868
833,945
528,80
1338,1346
1620,278
92,947
125,77
617,953
725,715
1052,881
1641,458
531,886
434,953
814,945
1292,947
1330,1239
951,425
1460,531
221,1074
525,253
951,1593
1592,1589
1464,128
447,1538
951,546
906,1298
1020,1134
353,1085
1349,1575
353,856
1313,898
760,951
1136,1467
303,217
848,1185
625,618
525,1434
1415,1417
104,394
618,844
353,1098
140,1219
353,280
1184,208
786,1330
951,909
1023,1014
353,1219
1151,1199
898,790
411,406
669,930
1645,953
1132,139
1629,945
951,801
945,168
353,293
951,1151
1450,569
951,922
412,873
1322,1323
1036,966
1279,458
1621,1619
1117,396
945,1107
972,981
1104,1100
1183,1393
452,945
353,414
1096,458
951,1272
951,1043
1243,1151
580,578
1301,109
7,945
185,951
353,535
945,181
951,1393
872,871
1152,1154
1260,458
998,458
602,458
1330,931
1605,1624
937,936
928,887
215,951
1495,217
528,1182
1037,1288
770,715
1349,99
353,1595
1330,1052
951,238
1290,458
1349,1267
1349,1038
951,1406
944,1218
705,707
144,145
364,148
805,1288
915,931
1020,947
250,248
1340,1339
113,1182
1059,1060
1332,172
1182,1396
1588,1589
528,377
763,1183
501,1183
1401,945
783,603
1349,1280
788,947
1464,1001
953,31
273,272
1067,776
941,142
1397,947
951,601
1396,951
1464,1351
1297,945
1035,945
1183,843
277,1266
1330,1307
1248,945
1165,947
241,562
1151,783
951,1661
947,953
1351,548
1065,945
1349,475
399,101
951,843
399,1269
502,458
240,458
1021,1023
1502,838
951,964
951,735
715,458
353,1274
119,1107
1330,731
1077,1076
249,170
1183,977
928,458
353,227
951,1085
951,856
1649,1652
1278,958
483,458
464,216
206,1641
617,458
1437,951
353,348
98,1290
951,977
276,1333
626,628
805,859
408,405
251,458
951,1098
164,947
477,1178
1261,1260
640,647
1288,1393
353,590
951,1219
1176,1337
411,945
459,464
169,136
353,482
886,945
145,947
1099,945
367,767
876,873
585,172
96,947
113,887
104,1296
1312,945
392,945
1330,999
951,414
1183,1474
353,724
313,1591
1161,1163
605,945
1330,1349
951,535
951,306
684,945
1167,1587
862,951
399,961
528,1371
951,1474
764,1584
1330,1241
1471,951
1087,22
951,427
992,953
1530,1531
1010,1007
1187,374
951,1595
164,1215
726,430
547,953
901,1185
789,715
906,1300
914,1420
1629,1631
551,550
951,898
793,83
1187,1434
786,1090
973,1182
973,953
525,497
1569,947
1330,436
1388,377
1,2
861,860
1186,1182
1466,1465
1048,723
1349,651
399,277
953,1617
951,790
555,561
420,107
898,900
1184,210
1185,1078
762,746
402,403
1533,1532
1513,1553
900,801
1502,1135
738,739
747,744
1090,1083
1246,1330
1619,380
1603,1604
1183,227
1100,458
953,933
1397,452
56,947
7,8
277,1589
528,1171
951,1274
536,537
486,945
960,47
299,301
951,227
1224,93
565,945
951,1395
1605,458
219,951
1081,458
945,1351
951,348
225,244
951,119
350,1407
947,1397
37,947
1294,458
1330,115
898,458
927,930
528,1184
51,1259
350,360
486,1187
71,945
1349,101
907,951
1330,1054
1507,458
249,951
777,1107
284,945
215,1074
951,1637
1183,711
1324,458
1596,880
200,951
364,150
814,1110
353,900
1349,1390
418,1295
113,1184
1222,531
951,482
763,1185
353,1021
353,792
793,1293
1117,1124
919,651
805,1532
335,334
1393,1473
940,939
1396,953
1082,1288
1358,1371
690,683
1593,945
1223,1183
951,724
321,328
353,1034
530,438
1464,1474
686,685
1332,308
399,103
1608,1640
852,839
274,862
1349,1645
1453,948
142,154
264,817
613,1496
951,966
304,1155
353,1276
1330,733
1330,504
953,517
1066,394
749,458
726,740
399,345
84,1273
1438,1434
951,858
622,619
302,412
1330,625
538,396
1183,1329
293,299
1662,1071
951,979
1350,1213
945,1393
1330,975
525,578
805,861
689,686
1150,1044
408,407
1349,961
1199,1202
951,1329
921,928
809,458
798,40
1324,1318
436,361
55,898
951,1221
458,1288
40,1300
951,403
1393,1044
111,951
973,458
465,1183
260,256
0,1120
528,1239
624,947
1255,521
951,295
261,77
353,605
1184,762
789,1401
1393,118
1349,277
588,593
607,606
1426,1463
1467,1464
699,1363
353,726
531,998
720,1422
83,84
662,663
901,945
862,953
399,963
1599,694
1114,945
542,719
222,1266
951,658
416,85
1075,953
1193,945
1382,881
951,1597
1330,1364
951,779
906,1302
546,730
353,1089
143,1508
1418,1184
528,1615
961,945
789,1656
1506,250
1411,1410
1349,532
614,83
877,951
951,900
951,671
364,1628
525,499
1330,438
1352,951
1104,849
1007,953
927,664
344,343
951,1021
349,458
951,792
1187,1557
531,206
1482,1182
1272,1372
1330,559
1183,1263
999,1213
1200,1203
951,95
411,410
531,1495
951,1034
1307,898
1184,1501
1440,1427
1330,801
277,531
528,113
1001,333
1610,1609
854,808
951,1155
1278,89
673,881
1187,873
951,1276
715,770
1396,1397
90,947
1475,458
879,878
598,599
386,945
1349,1029
1464,979
41,947
951,1397
1426,458
768,0
1250,3
1215,1214
599,945
915,922
698,695
1250,1171
515,951
456,1539
432,953
951,1289
550,945
500,1353
219,1074
1456,458
907,1182
1349,103
907,953
953,1298
528,368
951,471
1266,1529
1332,1102
169,206
951,1639
350,483
604,1531
580,945
915,935
1397,938
1620,458
546,543
496,951
945,548
793,945
951,1531
531,945
1437,458
542,545
626,1182
951,713
951,484
604,605
1184,951
793,1295
951,1652
705,953
597,602
616,615
1522,128
678,675
795,28
1605,1065
842,554
1172,1183
1531,1530
1223,1185
951,726
674,677
1499,531
1187,444
947,728
726,729
399,105
729,734
1460,953
1582,1589
1185,1135
1364,1366
283,280
1303,898
353,1507
1332,1599
353,1278
953,519
94,1283
947,1199
670,396
859,1086
1528,198
5,945
951,1089
1276,1374
1176,1436
353,1399
886,1633
1431,1433
290,296
861,1051
353,352
1258,458
951,981
169,945
1330,748
1378,496
925,928
689,688
1349,963
325,411
127,655
1288,458
114,1359
353,1641
1330,1098
1324,1549
1283,1282
353,594
293,314
377,951
1239,458
953,64
1407,271
399,1649
951,405
1619,1618
194,951
758,764
465,1185
353,715
542,1405
707,947
873,458
1007,458
1182,1213
678,1185
1393,1396
13,14
861,1535
224,951
1179,649
972,356
359,358
541,1301
951,647
1187,1183
1393,1288
226,1182
518,1290
353,728
1184,885
669,668
399,844
1412,749
1163,947
528,436
1005,1004
205,951
1423,1288
456,452
1020,1019
1330,427
773,775
1227,945
353,152
1330,1595
1655,1651
1405,951
555,552
558,557
1044,945
1367,1369
551,554
1653,945
1257,945
1176,1020
1391,945
613,614
1473,1472
1450,1488
1183,1144
900,792
951,1023
528,691
687,684
898,904
1197,1200
1332,607
951,1144
742,741
637,1213
945,1329
525,514
1330,682
953,695
1347,851
951,97
140,1346
951,1265
719,464
1629,951
757,756
816,811
945,1450
353,1575
960,38
1607,1606
492,458
1090,1087
510,512
88,1277
1234,277
353,528
14,1062
364,128
214,598
295,294
575,577
1466,785
347,346
951,1278
1599,1206
353,770
1349,1260
843,634
1344,1330
389,1632
951,352
1460,458
1277,1276
1029,945
728,953
1349,105
953,1300
450,945
125,1185
1024,951
951,1641
1120,1184
528,491
951,594
1441,458
1110,1112
353,904
480,945
549,550
614,945
971,953
1332,178
1103,1109
951,715
951,486
151,396
128,907
1267,951
1165,1169
1184,1182
1330,482
793,1297
922,953
87,88
145,1261
1328,1348
1135,1182
187,211
739,953
1226,1300
795,30
399,1262
1330,374
1183,1078
556,953
951,957
951,728
1014,1013
1656,1419
951,1078
399,107
951,849
1183,152
920,1270
1649,1645
1618,80
1396,1199
1182,718
1349,1649
1278,951
1276,87
999,452
283,282
715,693
1427,670
847,849
444,873
353,1280
1146,1145
629,626
1656,1661
942,857
314,1288
399,578
578,580
729,749
283,403
71,749
293,303
353,354
232,64
252,945
35,947
945,1397
1292,458
405,1160
69,945
353,475
1564,99
347,401
1371,458
127,657
751,750
1611,1608
1021,345
1644,1556
353,1643
1330,1100
1397,861
332,537
928,1056
1332,917
1060,458
482,481
377,953
27,1069
233,945
277,951
1273,458
328,953
1338,1341
764,288
951,1575
886,951
1352,458
490,951
20,19
951,1346
1090,458
883,882
945,1531
525,945
683,1531
951,528
951,299
353,838
275,1184
951,1467
531,881
258,951
690,608
951,649
1187,1185
224,1074
950,949
433,430
209,951
1221,1183
305,1184
951,770
118,274
904,1183
1299,1224
901,131
1599,698
1017,1016
353,972
783,785
1187,609
543,544
1183,904
1310,945
1645,935
1330,1597
953,1610
1667,953
951,783
1184,1479
1261,945
1330,550
1629,1637
254,562
951,904
1257,947
1243,783
1652,951
1291,945
1332,717
353,396
927,668
662,1151
951,1025
1376,494
403,1156
353,1335
1330,792
497,562
469,463
545,458
1023,1022
1633,951
353,1456
1330,684
951,99
531,1499
758,458
1614,1611
1412,430
1629,953
1617,1616
1018,799
816,813
971,458
575,458
1330,1034
1330,805
1211,1608
963,45
1271,1329
572,574
197,1185
1349,1141
616,1290
1493,1563
951,1280
930,928
1330,1276
1349,1262
1330,229
1330,0
220,1182
261,1183
951,1401
1398,629
816,947
277,898
951,583
951,354
1252,53
760,759
718,762
1332,167
1330,1289
1349,107
953,1302
951,475
846,947
879,306
951,1643
1634,1636
746,945
1184,124
399,83
1237,1182
1093,945
353,1135
859,1532
1467,368
892,891
1499,1569
1349,578
1349,349
1306,945
277,1032
942,1422
353,1256
353,1027
609,953
793,1299
1385,945
966,961
42,613
1330,1652
951,838
398,396
1239,1241
1330,605
795,32
1187,556
773,953
1501,194
243,458
1530,666
129,622
377,458
1235,718
1575,1577
1330,726
777,779
1282,951
1330,1665
951,1080
951,851
228,227
353,1390
616,43
843,1025
1309,495
137,1213
951,972
966,277
123,820
1280,1376
859,1090
528,1219
622,625
1330,1089
1595,377
681,680
951,275
719,1460
906,798
39,947
1623,1607
1463,157
677,682
1275,1274
676,1625
332,1586
951,1335
365,945
1185,455
1493,571
951,288
1667,458
578,945
951,1456
963,1281
701,1281
1618,458
809,814
828,827
796,1289
301,300
951,1577
1412,740
762,1412
1265,1215
277,1074
915,873
1338,1464
703,953
1349,1330
895,894
559,945
242,1238
951,1469
1467,531
1393,353
185,209
998,992
377,379
277,966
528,548
953,1249
510,945
292,951
1221,1185
1629,687
901,951
1332,1403
444,446
209,1074
1260,1234
718,951
1411,1403
780,782
1193,951
945,849
264,865
565,564
399,272
951,785
1184,1481
1261,947
1330,552
617,616
1393,837
1557,945
191,215
912,914
158,159
951,1027
1227,144
253,1335
1499,953
1602,1603
353,1458
1256,966
1330,915
602,213
1605,1608
951,101
1085,1084
1345,257
947,1150
415,1289
353,411
148,945
816,815
1349,83
1282,93
341,293
353,532
869,1617
504,930
951,1390
980,630
233,881
945,1575
246,1574
1621,1629
222,951
1330,928
934,928
1605,1621
1447,1449
1297,458
951,1282
1276,1567
173,951
1035,458
1330,1278
1182,1151
731,1215
951,235
1248,458
303,1182
922,931
1557,1213
261,1185
944,1215
719,602
951,585
953,1183
951,356
1183,1645
353,895
1330,352
440,1537
1278,458
1408,945
881,233
714,1288
795,947
1330,1291
1557,287
822,821
128,898
1052,1054
904,890
1566,1275
981,356
1621,945
951,1645
956,528
1219,1396
1117,1119
1184,126
1330,1412
399,85
1304,945
951,598
1182,467
1349,1398
889,888
397,951
648,267
1255,945
1150,663
1219,1288
1389,945
951,719
687,609
1332,1579
1260,13
353,1258
1468,945
353,1029
1330,486
793,1301
194,218
1052,249
386,388
1184,368
1182,1527
1223,1528
1290,1289
679,1135
940,947
945,1025
1597,951
1349,1640
795,34
1498,191
1632,945
762,1025
1593,1182
935,953
1069,953
1330,728
1357,1356
1502,1185
1330,1667
715,805
1182,951
353,1392
399,1508
417,101
501,509
353,345
1220,196
1657,951
951,1203
531,617
1083,1093
374,404
1058,1036
1608,951
695,1627
382,1167
528,1221
251,455
951,1095
798,35
528,174
684,687
684,458
1373,1434
898,158
1213,1216
531,859
1238,980
696,697
455,985
1370,1550
951,1566
1287,1286
1185,457
229,1288
463,472
399,945
311,832
951,1458
825,824
951,411
27,26
796,1291
133,947
632,365
1349,1440
945,596
1184,878
844,1453
1087,945
363,362
805,1461
1003,951
84,947
951,532
953,1130
1226,1225
725,714
904,945
1038,945
380,945
399,958
715,1423
97,98
353,24
998,994
1117,945
855,945
277,968
953,1251
376,947
1499,458
353,1192
1349,1453
1412,755
702,70
776,773
371,953
505,953
1621,1242
277,42
292,1074
1459,951
1197,951
1200,1185
831,830
270,268
951,895
550,551
786,1087
1276,951
415,97
525,494
1388,374
1393,718
1425,1424
1364,1185
968,1185
748,953
624,621
789,725
854,1608
1330,554
1530,844
1349,769
963,962
293,1396
243,1575
1347,844
900,798
951,1258
951,1029
887,1502
167,166
1184,1496
960,31
604,921
1183,1271
232,231
951,1150
1041,1043
1502,206
1366,1365
951,103
568,567
353,413
14,947
951,1271
1349,85
1361,1371
444,945
1162,1161
1184,691
1349,1024
1519,681
951,1392
1185,1330
1176,1510
608,760
1301,458
1041,1056
951,345
78,945
353,884
1428,1438
1352,625
1605,805
435,953
1229,1228
1330,1280
444,1187
222,1074
1397,1041
37,1294
951,1405
242,945
1338,353
556,583
1282,458
1330,1401
1359,412
1633,392
1361,458
499,951
1409,1401
1330,1293
951,708
1257,522
651,941
1349,1508
1330,475
951,1647
1114,1116
384,1536
1117,1121
1330,1643
399,87
4,1251
1349,1629
1330,596
604,492
1330,367
1255,947
597,718
91,92
1450,368
1047,1183
1601,537
133,1257
1289,945
353,1260
320,1083
1502,945
528,968
495,562
1023,947
1157,947
399,1268
951,24
1302,1301
1453,945
1589,311
1150,907
377,691
1349,595
504,503
951,963
531,377
353,1502
594,396
525,562
235,234
515,517
1313,497
1349,945
559,560
1280,91
399,342
1290,1304
423,1453
1193,1371
1182,953
1330,851
571,570
1332,897
293,296
1557,1015
1317,1262
341,458
951,158
389,391
881,853
1349,958
382,1169
691,692
1377,1434
798,37
767,458
505,458
942,1213
898,160
718,458
1155,1213
1036,1033
353,710
942,287
883,875
52,718
467,179
1437,1434
1349,1321
951,1460
636,365
701,1285
957,945
1330,1456
308,307
951,413
796,1293
759,1640
951,1581
187,1185
111,143
167,947
1258,11
1003,953
951,763
1121,945
1611,809
246,947
353,844
399,960
820,953
844,1347
459,718
720,722
1446,368
755,945
947,657
1067,951
1485,1464
354,786
1364,945
1355,1354
353,1315
1542,951
881,1471
420,93
1280,951
805,429
277,44
1393,828
1197,953
743,719
1067,25
525,496
1132,945
858,1608
565,568
1466,1464
1012,1028
325,327
624,623
945,1203
747,730
198,222
1182,658
953,798
1044,1182
1044,953
386,458
353,281
960,959
299,1213
1151,1200
1187,857
839,1608
951,1260
951,1031
154,458
463,1213
1330,1027
1184,1498
1330,798
246,1215
1183,1502
887,457
793,795
951,1381
951,1152
1092,1091
951,105
1229,49
951,1502
399,531
1330,1269
1349,87
310,947
783,1396
951,455
1292,519
1278,1375
1159,1158
1256,44
740,945
399,881
1564,160
423,945
951,347
458,414
1349,1147
953,127
1187,65
1639,1623
770,945
374,945
718,755
1330,1282
1182,1155
1187,1462
638,237
29,947
1152,458
469,953
992,994
1520,1150
353,1007
1349,1268
325,945
108,947
1117,881
1627,1626
1393,1459
353,1128
1182,458
843,763
479,486
489,945
1349,342
1657,458
951,710
762,545
261,263
629,1184
885,881
305,306
1542,885
568,945
217,193
951,1649
1265,1287
399,89
951,831
1598,1167
1176,1178
186,210
353,1141
101,102
328,330
1601,1586
1232,1231
951,952
21,789
90,394
1585,945
951,1073
951,844
729,731
531,1426
1601,1599
399,452
951,1194
1615,945
608,562
945,1150
1010,1545
796,798
1095,1094
859,1083
790,458
1349,718
1517,679
1150,1151
353,578
796,101
353,1517
951,160
65,67
562,873
1434,802
109,110
928,930
859,1096
33,1283
1349,960
347,167
1508,953
1182,1197
1330,1095
1373,499
798,39
951,281
1393,1151
703,704
1563,1562
1623,1613
945,466
353,591
1063,458
252,1182
1250,55
898,1330
1276,458
18,951
548,951
618,458
69,1182
802,804
951,1341
1229,1285
783,1464
165,368
1185,461
945,708
1156,1157
240,138
233,1182
2,1249
1330,1458
762,708
1168,1167
1257,458
928,1185
654,128
370,369
743,1405
951,1583
1412,746
1223,1224
667,1531
1176,883
665,667
1330,532
1330,303
1283,945
1064,1581
522,1298
117,1249
951,886
1300,1299
1060,1058
499,1250
1330,424
1067,953
1184,77
951,1007
1636,1635
1185,945
353,270
1349,531
1174,1173
525,498
1393,951
376,375
1258,497
1349,881
195,219
1332,1651
353,1330
31,1279
406,402
865,953
953,571
1641,945
1200,1202
353,283
951,1141
944,953
1078,953
402,404
443,442
682,458
399,1567
174,173
353,1572
1041,1155
1330,1029
1393,1085
450,458
353,525
1653,1655
951,1154
1625,1593
1605,1614
1185,274
951,107
157,1000
480,458
1400,1330
586,588
1330,1271
1349,89
561,531
951,457
1159,1160
353,767
922,924
951,1625
886,1001
5,1252
951,1396
640,945
951,578
161,947
945,763
697,698
719,945
951,1517
853,945
591,945
1243,1396
761,1127
1330,1284
552,953
1572,1571
431,434
1332,1330
752,755
353,1009
945,655
1390,1271
534,532
1349,452
353,1130
353,901
1261,524
1096,945
421,1301
603,1012
1012,951
611,607
743,763
1121,1123
389,945
324,321
1011,699
11,1258
399,91
1508,458
379,378
633,1426
507,792
1183,1075
741,730
1150,898
112,1431
118,458
954,959
434,435
1294,1293
881,1649
598,277
353,446
726,728
1330,1660
729,733
1069,1067
353,1385
1581,195
951,1196
353,1506
945,1152
399,1393
951,149
1297,1311
719,1334
1566,947
1359,1371
762,1152
275,805
945,1502
1600,945
951,270
786,462
1183,1330
1248,493
945,455
353,580
1194,1196
951,1438
1493,1492
796,103
695,694
1330,976
951,391
951,1330
1567,101
1031,1030
1067,458
353,1640
1034,1035
798,41
951,283
502,945
240,945
1280,458
884,458
1046,1045
528,1348
1271,1392
679,1517
419,1297
1189,1215
353,714
1662,1664
270,945
951,1572
581,578
942,291
1310,458
186,951
881,52
844,399
483,945
1393,1395
4,947
353,1064
1155,291
661,951
1127,458
1156,1159
1261,458
182,953
1056,928
951,646
255,650
353,956
991,718
669,667
691,951
1291,458
152,148
1330,1352
304,1185
951,767
906,1290
904,951
1566,1565
1418,1401
1349,1567
862,1183
764,648
1599,695
1480,185
945,844
1400,1653
1484,829
353,151
951,1009
953,1607
1364,1178
629,1483
835,834
998,303
1330,547
760,1185
1332,593
1349,762
1442,953
1459,368
951,1130
951,901
1183,204
1298,945
496,1260
353,1440
399,1556
951,83
1393,953
1645,945
1249,945
1598,1587
531,436
388,387
107,108
353,1332
406,404
951,204
552,458
374,1620
1332,835
1375,1434
1557,953
951,1143
353,1453
788,1610
399,1569
978,458
582,458
900,804
1185,1431
887,1508
21,1330
1330,1031
528,114
1291,1305
773,1379
951,1385
746,458
350,458
1006,1028
421,109
1665,1667
1282,1377
148,1182
718,746
458,1344
69,71
1349,91
776,458
185,1185
1203,1205
1456,1385
127,951
1187,1345
951,580
951,351
340,951
951,1519
719,718
948,1450
907,1183
528,598
951,472
887,945
992,998
472,474
1327,988
408,947
1335,1337
342,364
951,1640
586,953
1100,945
883,947
951,822
528,490
1179,945
531,1404
873,875
1392,945
1185,881
951,714
734,945
472,945
1330,710
829,953
464,303
903,902
8,1255
1332,527
864,947
1330,1649
915,1407
399,93
780,953
155,901
764,945
898,945
795,29
915,360
122,458
859,953
951,956
1468,1182
353,448
1306,1305
915,1649
1502,951
951,1077
944,660
1183,151
374,278
1406,425
353,1387
1330,844
1632,1182
1623,1591
1364,1367
756,730
353,1508
1294,1308
951,151
909,908
859,1087
1349,951
1564,85
951,272
1245,1244
951,1440
796,105
116,117
525,1039
178,177
405,1159
945,578
928,934
1349,1193
951,1561
707,706
951,1332
1171,1564
968,1501
525,931
900,54
764,1213
1330,1099
951,514
106,947
945,699
348,480
1043,1042
1330,281
702,749
260,367
951,1453
402,945
140,945
1566,36
951,635
528,303
173,75
945,820
749,945
353,945
1184,873
8,947
1183,648
212,188
1444,1443
590,1531
646,645
1243,635
1349,1556
399,1182
399,953
1184,176
38,947
671,594
951,648
113,303
353,1187
585,527
950,948
1187,595
713,712
1332,232
906,1292
1349,1569
862,1185
342,661
938,951
268,1385
1643,1642
1187,608
493,951
353,382
1012,1021
353,153
1330,1596
968,951
1074,1081
1184,1478
353,1321
1564,945
399,1437
1385,1239
1526,195
1181,1180
1012,1371
951,903
1298,947
1621,1600
353,1442
1621,1371
951,85
1249,947
1502,1127
353,1563
731,728
953,804
951,206
450,449
79,1445
292,277
945,1330
1330,1141
1330,912
1474,368
364,1284
799,458
1595,1597
951,1266
517,516
1315,496
878,458
1012,458
1182,1135
1330,1033
1187,1213
951,448
1183,1508
1184,915
1349,1248
353,758
922,915
951,1387
1567,158
1183,461
319,881
1330,1154
1304,458
364,1297
1351,1213
951,1508
1166,1167
350,352
1255,458
859,458
131,951
1349,93
951,461
846,933
1159,1164
1162,1169
210,951
399,887
127,953
1219,1151
1182,1498
671,528
212,1182
539,1284
988,356
938,764
1330,1288
1317,531
191,951
941,1183
1183,945
254,253
200,1185
1249,518
1175,303
951,595
1262,945
1330,591
844,1637
355,951
1475,945
951,945
528,613
881,1640
1184,1412
76,452
399,1371
1464,1466
666,668
726,719
368,1011
399,95
1160,947
795,31
722,721
945,204
1456,945
1194,945
951,1187
22,458
893,953
1330,725
1407,945
493,1248
243,578
1269,422
1183,153
314,458
1224,945
1396,1200
353,1618
353,1389
1176,379
661,458
399,458
770,859
353,1510
277,468
478,458
906,905
951,153
947,1202
353,692
1349,1182
286,1456
1349,953
951,1321
1183,395
691,458
921,920
365,931
900,43
1254,46
1171,277
1332,1134
403,405
380,458
953,54
951,1442
278,410
796,107
1557,205
1502,269
528,292
951,395
1038,1037
1332,1255
477,475
1530,1270
110,947
951,1563
951,1334
406,945
1349,148
900,56
1182,1203
233,236
945,472
1330,283
1529,200
619,945
951,1455
945,1640
299,711
762,472
951,637
951,408
271,649
436,945
531,1219
428,303
1284,1227
881,285
1330,1572
643,642
951,758
6,1253
744,953
482,953
1330,525
1393,581
715,1420
1640,458
938,940
1330,1464
951,879
679,945
1037,424
1580,1575
764,531
512,953
368,945
775,774
987,953
1187,718
1605,1002
1021,951
726,545
528,789
849,844
1193,1179
1234,951
1117,137
399,1318
842,841
873,945
565,563
862,261
1292,1306
578,502
1405,1183
1184,1480
12,1259
750,730
1178,1177
1150,1078
877,1185
961,132
293,1393
1605,1594
392,389
951,87
873,1187
1332,947
1349,887
900,795
399,513
1579,1578
406,408
1393,1078
1310,1309
1182,77
1184,675
958,103
951,1147
512,511
849,1099
783,452
951,1497
951,1268
1078,1080
1298,1312
1308,458
1349,1250
951,1618
951,1389
1183,463
1330,1385
2,947
528,468
353,881
1349,1371
951,1510
1560,1554
214,951
737,763
1210,1212
1349,95
951,692
115,945
953,1290
951,463
1289,458
893,458
353,773
1024,941
1316,1315
631,458
1464,1213
1621,931
951,1631
844,458
353,1123
210,1074
726,1405
41,1302
719,951
1183,826
195,951
374,953
840,460
1291,1564
1270,458
585,584
1024,1183
289,1488
1184,125
1349,458
1330,1640
951,826
404,953
1182,466
1409,1411
562,492
861,788
1456,934
1330,1532
954,952
374,377
651,951
1464,1468
1266,958
1164,947
468,951
337,1434
951,839
1639,947
795,33
1409,1653
276,377
417,87
1277,945
1015,945
798,947
951,960
252,693
1330,956
353,452
1189,953
10,1281
281,283
951,263
953,861
1272,614
1301,1315
898,144
951,1431
1353,953
1260,496
561,458
1330,969
74,111
925,920
928,925
1349,1184
1330,151
1419,1657
293,1582
900,45
1393,1146
725,458
399,931
953,56
951,1444
1393,328
796,109
1238,979
676,458
951,397
39,1298
1332,1257
528,1462
755,458
715,1288
1497,277
1330,1332
353,1057
1349,1318
595,590
18,20
1456,397
1330,1453
588,587
194,1185
27,25
1230,1222
490,1183
1269,921
1441,1442
363,361
951,531
555,531
1121,942
1506,1507
954,536
1166,1587
1349,513
217,1182
951,881
1292,945
440,436
1332,1512
1330,648
951,1002
951,773
1060,945
881,1468
1500,951
42,898
1021,953
945,140
1067,1069
951,1123
887,1367
525,493
399,1549
805,776
1352,945
956,945
1123,1122
1090,945
152,396
353,386
1268,951
1349,647
1051,953
1405,1185
945,1200
353,1325
953,795
1099,849
353,507
353,278
1605,428
951,89
423,458
1255,1254
945,274
353,399
1626,672
1494,718
403,1159
1328,951
1591,1590
510,733
945,395
293,469
762,1213
500,1213
179,340
78,931
568,566
528,1396
951,1499
662,1396
951,1270
1150,396
1330,1037
953,1279
951,452
6,947
1349,1252
62,61
342,344
951,1391
1641,377
852,1614
1330,1387
280,405
951,344
1183,1633
353,883
977,976
36,947
1187,291
1330,1508
1330,1279
764,1393
953,1292
767,873
293,953
945,879
427,953
769,919
1039,514
951,1633
545,945
149,945
214,1074
1003,1005
552,840
530,529
1189,1397
1295,103
1446,1467
112,1184
575,945
368,881
951,707
1298,522
752,763
1349,1507
1330,474
793,1289
966,951
1184,127
838,887
1330,595
208,491
259,951
438,953
873,881
1296,947
556,945
1512,1511
389,953
1464,1470
1371,1242
268,397
1393,772
1496,190
1349,931
1246,1247
430,432
489,487
1308,1307
1179,1193
353,562
119,395
740,742
267,266
1330,729
951,144
149,1213
353,454
278,280
360,349
28,1273
293,295
399,691
953,45
951,1433
898,146
913,912
1438,1551
951,386
1241,1387
408,403
857,458
1330,153
1249,1248
595,458
951,1325
1466,953
1330,1321
1182,1194
957,581
900,47
1330,1092
951,507
798,36
1070,458
951,278
178,62
652,1150
953,58
746,748
1283,458
625,458
759,458
1566,29
1330,1213
1332,1259
1234,458
838,458
1381,1380
935,1330
11,945
864,861
303,299
1393,1390
240,1182
1112,1111
1349,1549
76,256
15,17
715,1182
1330,1455
1349,273
1629,556
376,1164
465,1421
399,1067
1390,1213
490,1185
1163,1170
304,951
665,664
353,1301
945,947
1235,1460
383,951
1508,1326
1349,515
258,1185
1158,947
951,883
203,202
1192,945
483,485
531,1236
1330,1589
46,898
1667,945
951,775
901,1183
258,259
1618,945
945,142
1647,1646
1183,199
525,495
399,1551
1351,951
293,337
353,388
1189,660
1185,1184
951,1017
1252,945
1648,945
990,945
1182,886
951,199
823,953
945,155
951,1138
844,1012
399,1564
951,91
1645,1182
341,1330
172,60
1018,1020
531,673
1370,1364
749,751
353,751
274,458
979,1213
1393,264
556,558
1330,1147
423,931
1384,1383
1440,726
165,1575
528,1398
953,1281
951,454
942,1388
1332,1314
945,639
353,764
1349,1254
1484,395
1349,436
979,637
127,128
945,760
549,531
951,1514
173,1183
1330,1510
907,1178
1330,1281
953,1294
510,1219
755,757
416,1291
1436,1384
1221,1230
1054,1053
283,947
1247,1633
951,588
100,947
650,596
853,1184
396,945
1332,401
353,80
1471,1462
313,947
844,583
753,953
887,953
353,1248
609,945
399,1364
793,1291
323,322
433,719
465,671
704,953
1349,691
528,956
1184,1526
353,1369
945,1015
783,953
1522,1521
945,197
1332,643
652,655
1213,951
353,1490
76,458
1330,718
1227,1236
1645,995
1385,361
1419,1406
448,451
764,1182
1182,941
594,276
764,953
616,35
951,25
951,1193
1321,726
589,548
353,1503
590,921
951,146
559,561
1138,1140
720,1152
1182,1183
60,59
789,205
353,577
1349,1067
960,1255
953,47
1330,973
951,388
1259,1258
786,809
315,406
1189,1199
951,1327
1219,1078
30,947
1349,141
900,49
798,38
951,280
684,690
1224,146
953,60
277,945
805,1330
951,630
1293,101
1317,458
1332,1261
1055,458
951,1569
1252,1497
864,863
984,928
951,751
886,127
206,368
207,1007
1349,1551
1184,989
296,298
531,1333
1347,458
402,953
43,1249
951,872
376,1166
1560,458
1298,458
353,1182
236,368
631,638
1510,1509
1400,1637
1349,625
1349,396
1003,1183
170,1182
1249,458
953,1591
435,433
951,764
353,1303
1525,1524
1349,1564
1330,531
531,1346
1221,1527
353,256
1275,945
764,766
251,1184
531,1467
964,531
353,377
647,595
630,951
353,148
1530,942
1488,945
1219,528
1567,945
601,600
960,947
951,1127
1130,1129
209,490
839,428
1138,953
1652,945
1256,945
399,1553
951,80
589,1421
951,1248
1176,1366
1603,881
945,157
528,1266
951,1369
951,1140
723,724
1583,1582
1633,945
492,562
399,1566
631,1135
1605,1600
951,93
1015,1017
1316,945
951,1490
278,458
1330,1028
963,39
1412,545
966,458
670,1628
1330,1149
1393,1434
1575,953
1349,1364
1349,1135
867,866
165,1348
951,1503
1147,1149
1450,921
1446,1445
69,68
953,1283
206,73
734,458
472,458
1332,1316
50,1223
1349,1256
1557,1434
951,1624
1393,508
1328,1318
951,577
1374,1434
433,1405
353,1116
353,887
1605,808
139,140
1320,1319
811,947
1397,1044
953,1296
562,1640
942,1632
277,195
951,819
1226,1283
1390,1391
353,82
951,711
353,1250
513,1239
347,947
1266,951
1183,1182
1049,953
1301,945
951,832
1262,1182
1220,1222
1184,1528
353,1371
342,953
1519,1518
1398,999
1021,1012
945,199
277,1497
951,1182
817,953
951,953
1171,1185
978,1544
1185,73
736,735
1349,935
946,959
951,1303
1078,886
1243,953
1117,548
1597,1185
951,256
1412,1405
1651,1650
353,566
881,951
1194,1182
1400,1021
1083,1085
353,1505
528,274
951,377
951,148
1470,1467
890,892
353,687
353,458
528,1213
1567,87
589,671
951,269
1520,951
1332,900
153,225
953,49
951,1437
1248,613
761,0
21,227
1446,1500
1031,1029
303,290
900,51
1567,1497
942,1216
377,1178
1330,278
1211,852
953,62
324,1288
353,3
1618,1620
945,817
1330,399
1335,1268
884,578
531,985
94,947
820,822
1184,52
1330,1338
406,953
289,368
22,24
1332,1384
45,947
1430,458
1349,1553
1003,125
433,763
1455,1454
1183,995
79,945
657,656
887,889
353,1184
260,956
1330,641
531,1456
1183,887
1003,1185
951,995
366,76
951,766
767,945
505,945
431,730
353,1305
945,951
425,427
1349,1566
383,1184
1070,1067
951,887
500,951
399,1542
1063,1064
630,1182
353,379
826,828
368,953
714,772
353,1318
1399,1400
399,1434
1117,1421
380,374
893,895
399,1555
1605,1589
1192,1191
951,82
1434,953
945,267
951,1250
438,436
940,1357
1182,890
953,801
951,203
496,562
353,742
1461,1473
1464,953
1352,483
885,1542
1262,1263
953,1151
958,1266
421,95
1025,1027
1605,1602
1415,953
1533,945
616,1273
705,793
951,1263
458,1330
1660,1659
1649,1012
563,565
1033,514
582,578
1183,458
418,103
951,566
951,337
1658,953
942,1271
102,1294
604,458
1428,1430
342,458
951,1505
305,1330
947,568
816,1051
1210,1207
1330,1272
951,687
953,1285
951,458
555,458
1393,1557
1330,454
1184,925
1349,1258
1532,1608
1265,1264
1418,274
704,702
1330,1393
951,808
767,758
523,1300
198,951
1184,1396
1332,1331
617,531
1259,523
629,127
534,533
1349,682
162,661
1299,107
924,947
1397,1396
1066,1296
599,598
764,931
131,264
958,945
108,1300
829,831
1393,873
179,951
1213,942
1602,0
353,1252
1165,1167
1237,252
870,953
567,952
1250,945
1470,985
726,945
368,1237
951,1063
877,885
1185,1001
1157,1168
1179,1186
45,1257
1184,1530
1522,1525
945,201
951,1184
1018,945
920,1605
1152,945
1127,1117
1330,951
733,732
1247,1182
1596,1595
559,552
951,1305
718,545
71,734
281,278
1069,1068
1182,945
965,193
887,502
1143,953
274,275
881,953
1134,1133
1015,953
953,38
1183,500
1117,671
951,379
5,6
951,150
1187,915
1618,1596
436,458
174,458
1349,1179
951,1318
1128,951
677,786
1182,1187
253,458
1330,1085
951,500
920,921
122,123
953,51
70,458
1393,323
1222,212
1349,253
958,1334
679,458
21,458
353,931
155,458
1182,261
265,589
1605,852
48,1234
951,513
1567,1499
147,947
353,1052
1349,1542
1330,280
690,1640
1462,436
447,458
353,5
98,947
528,531
299,708
1388,1389
18,1183
11,12
1155,629
310,308
1349,1434
790,945
1170,1166
1187,581
1226,51
1349,616
833,1288
951,755
789,693
1207,1206
1349,1555
337,303
1393,578
862,124
376,1170
948,578
38,1296
1028,951
945,1182
353,1307
945,953
1330,764
1588,1288
1330,535
318,303
719,1364
1397,1464
951,889
531,303
1183,192
399,1544
1003,261
1450,1475
920,492
502,504
1658,458
823,825
1117,1531
616,1249
368,1184
951,1239
54,1253
613,951
1542,1185
530,953
368,137
1474,233
951,192
789,130
1137,1136
339,338
944,943
1601,947
1330,898
399,1557
675,674
1330,80
951,1252
911,887
1393,1075
450,448
353,515
1311,898
1393,1425
1183,1615
1229,41
807,806
1254,1266
479,452
303,226
280,279
1143,1142
1423,1425
353,757
399,873
1266,458
833,1330
1127,1548
1330,1382
1083,458
169,303
1189,1150
399,994
528,1633
951,1507
586,591
1296,458
1330,1274
951,689
299,763
555,460
469,945
293,948
898,799
1615,1608
851,458
951,1628
748,747
901,989
1326,458
930,458
598,951
766,764
119,953
1330,577
463,763
1557,1559
399,1007
1183,823
1277,458
881,458
1349,563
542,763
951,931
951,702
353,1241
494,951
1349,1502
886,1475
612,189
149,1182
17,16
951,1052
951,823
911,458
383,73
1532,805
1160,1162
1409,1637
951,5
82,81
944,1574
658,951
1124,458
1382,228
353,315
611,610
1569,54
1254,945
1401,1409
353,1254
1502,0
947,946
353,436
666,667
951,1065
947,128
616,28
1379,953
658,1193
1267,254
112,1434
1461,1288
399,444
485,484
1349,0
1330,953
1185,306
1314,945
1185,1474
951,1307
1124,942
953,40
540,396
951,1199
1584,1600
603,452
1295,945
951,152
906,904
136,168
1330,148
951,1320
672,673
1508,945
448,928
971,969
377,230
1325,972
528,170
371,452
945,458
549,458
1182,142
683,458
345,399
1637,951
1372,1434
1187,1388
762,458
1295,958
881,1318
1349,1194
1605,854
801,800
1226,40
284,281
1330,1329
951,515
233,235
353,1054
458,353
1349,1544
1096,1098
353,7
15,951
137,648
376,1159
106,1298
441,1288
1349,1665
1223,277
1187,583
207,74
138,240
690,945
1502,631
951,757
945,942
353,1067
1349,1557
750,703
953,537
409,410
961,105
720,945
126,206
531,1460
1321,1350
1067,945
454,947
588,947
353,1309
1183,1012
583,953
951,1120
833,835
1330,887
399,1546
951,73
1192,953
359,952
534,953
1150,1185
1403,1402
842,840
1332,933
1349,873
1507,1459
951,1241
982,1345
951,1012
1271,1182
945,1197
953,792
1178,1176
1484,1182
768,1012
353,504
1349,994
1222,953
1442,1185
958,89
1078,945
49,1261
233,853
1330,900
146,147
72,1393
951,315
1605,1593
805,786
777,953
353,625
955,959
1330,82
1535,1534
528,1151
951,1254
491,1498
948,1185
1330,1250
951,436
963,32
1074,277
1349,1007
1409,1021
1073,1072
512,510
149,458
720,1213
528,225
505,507
804,803
931,844
1220,718
353,638
1349,1128
528,1393
1667,1666
1185,1434
789,1434
355,913
1015,205
1140,1139
720,287
353,988
1183,691
1205,1204
126,945
43,947
953,1397
1252,498
508,229
353,880
1150,635
718,749
1351,396
1330,1505
762,755
951,691
552,945
428,1404
34,1285
789,629
973,975
1330,458
399,1117
474,473
1184,111
1349,444
399,70
1409,458
1147,458
498,951
614,116
137,945
951,704
54,947
1439,458
915,458
350,945
528,951
951,1054
1390,458
1450,472
951,825
1128,458
147,1259
353,1364
599,602
967,769
951,7
1248,1
945,192
1012,1185
1172,1174
719,374
314,325
374,376
881,1641
951,128
1508,1510
353,438
946,952
951,1067
1009,1008
629,723
441,443
353,559
1530,1124
945,205
881,715
531,602
1269,531
1064,1065
547,546
244,508
1305,898
951,1309
1265,947
86,1275
1393,1132
1561,945
353,801
1299,945
1182,131
368,1604
764,143
614,613
1464,783
951,1430
1584,1602
486,1330
1477,1476
1349,244
953,1210
299,457
904,796
353,922
1332,1014
1184,850
1488,1490
218,468
32,1281
1393,206
1330,1318
638,273
951,504
1028,458
988,1325
353,814
1330,271
1393,327
1637,953
465,466
131,886
951,625
951,396
477,476
590,353
1192,458
796,458
534,458
951,746
1271,458
92,1281
813,812
128,938
613,458
1093,1095
945,931
224,1171
1349,1546
1184,1213
1657,1662
1393,569
360,951
353,9
1222,458
528,764
951,867
1149,1148
1185,805
951,638
995,644
1230,1221
228,1182
186,1185
951,988
1219,510
1252,458
1594,1619
128,951
85,86
353,1069
1269,1270
946,536
951,880
1281,1280
1561,1563
353,1190
881,1575
1330,647
53,898
464,469
1352,931
1349,633
953,1599
371,951
288,1182
967,945
819,818
353,1311
1200,1183
1144,1288
963,947
1183,196
353,1661
833,837
1141,953
368,249
1182,762
399,1548
1259,945
1393,945
968,1183
1468,1469
948,945
368,370
1039,1063
951,196
811,1613
951,1364
619,625
951,1135
944,947
1330,1131
1397,663
598,458
1349,1117
951,1256
281,458
1330,1252
951,438
353,748
1029,1031
1653,1649
715,1100
1506,138
967,1321
693,789
951,330
1527,197
658,458
1284,1378
396,458
352,351
945,865
1202,1201
1183,693
690,760
399,1227
1184,221
1330,1507
951,693
629,1396
1047,1155
973,977
586,945
1182,1501
951,814
154,241
629,1288
799,945
945,999
1329,881
420,1299
1012,945
1656,458
1121,1117
1401,1400
711,953
24,23
459,180
884,881
490,1479
353,427
945,73
88,947
1330,1641
368,1001
951,1056
486,956
353,1366
1330,594
1371,1349
951,9
1503,1505
345,953
510,303
1332,869
1241,1239
945,194
859,945
353,319
528,1074
951,948
1503,458
1171,951
296,953
673,674
1330,715
1393,1000
436,438
528,966
951,1069
1570,1572
149,152
80,281
1352,1349
629,725
293,510
1184,718
898,132
951,1190
693,1420
887,1434
718,430
1234,1478
876,1541
1637,1639
353,682
951,1311
353,1621
951,493
1632,1645
528,1329
963,1257
796,97
1520,128
953,1212
1208,1209
1330,152
1508,1178
1532,1535
995,1330
1349,138
318,859
915,849
945,691
353,816
1027,1026
22,945
247,1329
1062,458
1330,1441
277,1171
1274,85
439,452
1337,1336
1275,458
1187,345
1450,1213
1605,858
314,945
353,119
951,748
1488,458
1400,345
1112,1110
353,1058
1349,1548
1330,515
265,945
3,945
531,1330
875,874
181,951
353,240
353,11
528,766
353,1179
1330,636
1497,1567
1182,509
1256,458
531,1222
1330,1575
528,887
1335,458
211,951
1207,1212
1330,757
1330,528
399,1187
708,710
945,128
1051,1049
161,1251
1193,1398
637,951
1330,878
241,951
399,1537
1044,1046
1343,1342
1484,823
353,374
1189,875
951,1232
1316,458
1446,945
1229,947
353,1313
399,1429
1282,1224
881,880
1589,1640
1234,1183
353,1434
1413,1414
399,1550
1655,947
1259,947
1252,5
1236,1229
293,336
951,1245
1185,1183
605,608
1293,945
907,909
1330,1012
1569,1294
1506,945
1349,1227
499,562
380,382
1161,947
951,1366
1243,1245
1323,945
221,968
1183,1608
1229,34
1412,650
737,740
1330,1254
1235,199
115,693
1080,1079
886,1213
951,1608
90,1279
811,810
1397,907
528,458
266,458
1393,1431
1349,1361
1182,201
1502,1603
848,850
718,740
52,879
349,348
951,682
1221,277
1212,1211
1566,1251
1483,1482
1442,1444
342,345
644,646
1189,446
1330,1388
951,574
987,985
288,984
399,1229
1393,626
1560,1557
1279,1278
1323,1321
743,746
951,924
538,1280
182,184
901,1103
711,713
1330,691
893,461
1464,1445
1288,1219
951,816
403,947
1251,519
353,1126
1390,1388
719,1183
1090,1096
616,947
1409,583
951,937
1308,945
191,1185
1491,1561
1349,919
764,0
1349,690
745,953
951,1058
729,945
89,90
646,947
353,1597
1179,1181
951,11
1338,945
942,945
353,550
945,196
353,321
672,303
651,1183
374,380
1155,945
1182,1048
907,843
893,945
1185,299
951,132
637,201
468,1183
726,953
844,945
489,488
1284,951
945,1485
1330,1067
1330,838
951,253
543,953
353,563
554,553
1497,951
707,795
953,33
951,1421
898,134
243,691
951,1192
622,953
715,1144
951,374
906,897
285,284
353,684
951,1313
1330,1309
857,1385
621,620
528,392
951,495
901,903
945,451
614,617
951,1434
299,1508
1266,277
796,99
1330,1430
951,616
679,682
111,1393
1000,508
1349,1187
215,1221
1226,33
1150,452
35,1290
1187,1502
951,737
951,508
1349,1537
1587,1594
1086,1083
353,0
1089,1088
1640,1605
1330,396
1082,1085
1464,1150
175,115
1100,1102
676,1040
951,750
1271,691
353,1289
881,1445
1349,1550
110,1302
920,353
1388,458
340,303
878,881
353,13
934,1456
376,1165
1330,638
1510,1508
520,1294
33,947
1273,1272
690,951
756,753
1332,1623
1227,109
1189,1574
859,1110
399,371
951,1113
1491,569
951,884
211,1074
637,1182
458,951
1652,931
1466,512
1330,880
1621,1581
399,1539
1044,1048
498,1252
1399,458
951,1005
211,966
513,486
951,1355
951,1126
353,1665
1234,1185
399,1552
1516,1514
353,618
955,952
960,1296
528,1373
531,661
976,1011
353,1557
1187,1194
150,151
1349,1229
1352,480
1330,1135
951,321
744,745
718,729
1272,83
1055,1546
1330,1256
793,85
1469,368
1641,1643
1020,801
1570,945
353,981
528,1507
1182,1479
951,563
514,562
618,619
1303,493
353,873
528,1628
562,458
1620,1597
1171,458
1184,1151
1450,1270
1250,458
883,930
726,458
1330,1390
951,805
805,458
980,1213
1600,1601
469,1182
998,220
1330,693
991,998
342,589
1098,1097
537,535
1397,1393
1185,985
951,0
719,1185
364,957
195,1185
945,185
1184,467
629,1413
995,945
1234,1227
945,1124
951,121
1164,1168
135,1255
350,951
966,1183
1401,357
1184,1527
1041,953
1025,945
951,13
1209,537
353,552
945,198
528,1078
1393,65
1634,945
1238,945
271,1193
1067,80
951,134
1467,1182
1183,1423
1577,1579
1071,953
353,444
468,1185
886,907
1637,583
1330,1069
1006,945
1182,124
702,719
953,35
951,1423
691,789
1219,945
1241,438
1349,237
1330,1190
1397,951
1531,951
951,376
1052,953
353,915
260,458
342,268
951,1315
1330,1311
1182,1184
1462,1467
951,497
1332,1357
565,1215
951,1665
528,1333
951,1436
278,404
360,931
162,458
281,409
1349,250
676,679
951,389
679,684
1377,497
1332,1249
353,928
1330,156
951,1557
1349,371
951,739
951,510
753,754
1613,1612
501,1213
1349,1539
1096,1093
528,1575
340,292
603,931
299,705
1151,1150
1187,578
96,1285
719,998
135,947
1100,1104
881,508
303,531
1296,521
353,123
129,644
583,585
951,752
1487,1486
353,1291
86,947
1349,1552
531,1334
1393,575
240,367
1401,399
644,945
726,755
1218,1217
1056,1155
951,873
376,1167
641,647
477,953
353,1412
948,575
1002,1040
1150,938
1332,686
951,994
1040,514
1183,68
715,717
150,945
277,491
1285,1284
1190,458
715,1656
1021,945
1332,807
280,947
1665,458
1183,189
458,953
399,1541
631,881
1187,833
951,68
1150,951
951,1236
608,604
494,1256
210,1497
951,189
1500,1185
1417,1416
1442,951
951,1128
598,1498
353,1667
1330,895
399,1554
719,1495
1192,1190
95,96
1268,1185
528,1375
1510,947
945,1434
948,951
160,161
951,431
731,953
1269,1531
637,500
1495,531
172,171
452,454
1018,1131
1330,1366
418,89
1397,898
953,1150
364,1280
353,862
1349,1352
1087,1086
150,1213
303,223
1330,1258
793,87
951,673
951,444
238,508
1124,1126
1332,1304
1284,95
945,629
1182,1481
855,857
1154,1153
1,945
1434,1436
235,883
613,277
995,342
353,1104
353,875
356,355
1216,1213
942,452
80,945
1516,953
928,288
1184,214
1490,1489
1254,458
1209,1210
293,945
129,1517
898,796
1467,458
1330,1621
844,452
1284,458
353,1117
1258,1223
15,304
1497,458
951,928
1409,345
762,763
290,1182
274,945
1314,458
1300,523
1293,1567
190,951
1052,458
951,1049
715,772
269,951
1330,816
141,951
1346,531
945,187
965,1334
528,1067
354,951
137,1182
510,1464
255,945
702,1405
951,123
1295,458
1329,1237
966,1185
666,664
951,1291
1500,72
1330,1058
1184,1529
1159,947
1338,1178
1222,1232
353,554
945,200
951,1412
951,1183
1330,1179
951,365
1189,947
1151,655
951,257
764,367
1318,953
1330,24
1414,1415
953,37
1302,945
364,396
897,896
1330,1192
1649,945
1253,945
628,627
886,1151
410,404
1229,1261
131,989
1330,1313
690,458
528,396
951,499
18,1048
964,963
129,1330
683,684
951,1667
447,444
531,1081
1330,1434
342,1330
739,737
324,458
1332,1251
353,930
951,1559
1393,443
537,458
671,458
1330,1326
951,741
1033,1039
1349,1541
953,521
856,854
1439,1434
1086,1087
298,297
10,1062
951,862
528,530
305,458
539,396
439,458
1330,629
1015,1557
1100,1106
951,754
646,643
1260,48
353,1293
1184,1450
1349,1554
382,947
528,1001
951,1104
951,875
376,1169
353,1414
1510,1512
353,367
432,431
1464,578
1183,299
227,901
1104,945
708,945
881,873
1631,1630
951,1117
1350,1351
976,881
833,832
1330,884
399,1543
951,70
754,953
702,763
945,255
630,1183
353,380
1393,122
597,188
1397,766
1187,956
1347,945
1256,9
900,899
339,337
190,214
682,676
1330,1126
1135,887
612,617
1393,1182
1048,1413
881,1007
528,1377
438,437
303,212
814,953
1375,495
951,433
1598,769
1506,951
1349,1233
848,951
46,1266
1623,947
965,718
951,554
945,510
1393,377
1274,951
1330,1260
793,89
528,572
953,1273
951,446
1379,1381
1332,1306
1143,1141
353,985
303,1393
951,1614
29,1275
951,796
1330,563
528,1632
1087,1330
119,121
1330,1502
1032,613
1185,855
1598,1024
439,513
1184,1155
31,947
595,760
1374,498
1522,1150
758,0
881,336
1182,1496
238,873
1367,458
319,303
1346,1338
353,1119
857,881
1175,1456
1608,786
1393,861
278,945
1049,1051
625,760
1184,458
1580,458
759,760
1349,562
951,930
935,922
1219,452
357,945
544,542
12,947
1385,1387
1364,52
452,953
207,368
1150,766
951,1051
783,945
259,945
1561,458
945,189
1299,458
1215,1218
1408,364
1621,1640
353,1482
93,94
953,952
1266,1183
1637,1621
1183,1185
951,1293
951,1064
710,709
1183,367
728,726
626,715
528,143
639,1408
942,951
1530,1121
201,953
951,1414
951,1185
1304,1303
1625,1624
497,951
951,367
951,138
1151,657
306,336
1532,1288
384,377
353,798
1330,255
953,39
1302,947
853,855
951,1427
1436,947
1183,501
419,105
953,1207
951,380
99,100
1618,1597
1253,947
1431,953
1599,537
1330,1315
951,501
990,429
1530,1605
590,458
531,1083
999,1151
493,562
399,109
1332,1253
1397,150
644,586
1330,1557
303,293
1564,1495
1187,1508
951,743
1494,204
353,1282
945,928
1349,1543
953,523
859,861
726,746
951,864
961,91
1388,1390
310,309
1259,458
353,356
1012,995
951,985
951,756
1506,1503
348,951
945,941
814,458
353,1295
1006,399
861,947
427,426
353,248
1183,180
216,1182
1330,873
184,183
1371,1399
1183,1348
763,762
1292,1291
951,998
531,412
417,1293
945,1183
1187,945
951,180
789,118
1183,1469
1332,811
399,377
951,1119
500,1183
1183,193
399,1545
945,257
241,141
872,947
528,1137
1081,303
1430,945
1330,1007
951,422
951,193
689,947
1346,951
1263,953
951,1361
1330,1128
984,720
1080,953
1393,1184
164,163
802,945
951,1482
159,1253
1298,1297
1427,1182
1031,953
201,203
626,904
951,435
1589,951
1124,1117
1110,953
1182,304
1182,75
951,1603
452,458
1362,945
1530,492
630,501
353,1095
1645,1647
277,53
1648,1652
1667,1665
1087,1090
951,1495
567,566
1430,1429
277,1221
793,91
953,1275
354,458
856,1608
629,1151
1332,1308
1330,444
862,864
644,641
953,1396
951,798
951,569
250,458
384,458
1349,1598
535,856
399,1224
961,964
1184,218
277,1234
951,690
293,1178
881,1385
410,945
1392,1271
951,1040
164,660
766,765
1330,578
325,1288
1401,458
353,303
532,534
1102,1101
945,1117
540,1297
928,884
308,947
1464,635
698,1627
352,953
342,945
1254,7
3,1250
1644,458
1599,1210
565,953
945,191
898,116
1185,1341
935,937
314,324
995,951
1595,458
1266,1185
1450,1531
634,945
768,945
1199,1397
951,1295
715,789
1349,109
353,1605
148,153
951,248
772,771
763,951
501,951
1581,1583
953,28
786,1608
893,1182
353,679
1349,1169
609,605
148,1213
531,951
1289,1303
764,1418
9,1256
881,1185
881,956
1519,947
953,41
281,402
676,672
951,611
951,382
505,790
978,973
1464,1132
531,964
971,970
759,562
1397,1078
951,732
15,1047
1583,945
1587,1589
1330,1438
951,624
1495,953
1318,1320
1187,342
366,873
617,226
240,239
1349,377
951,745
1295,1309
1312,458
353,1284
1349,1545
1199,1197
376,1160
174,945
218,951
1494,1495
1248,42
1513,1508
1293,458
353,1297
1187,705
644,951
1506,458
1032,1033
165,1182
225,1233
299,1182
1326,985
1517,1519
1330,875
1323,458
1371,1401
1623,1622
74,1185
246,245
951,1229
1274,458
945,1185
833,715
1330,767
1253,520
353,492
783,76
213,189
951,1350
596,1418
353,1660
1330,1117
1621,1589
1184,1588
313,312
399,1547
951,303
1605,1581
1183,1592
1300,945
1434,945
1456,1458
1405,1412
613,1183
1251,945
652,128
1330,1009
1187,1189
951,195
906,947
629,898
197,221
1349,1224
1349,995
1120,1135
72,455
1464,945
951,1363
951,1592
364,334
1243,1242
1330,1130
951,545
901,953
1281,945
308,1607
783,439
1393,368
1510,953
303,216
1182,1353
456,458
1349,69
1411,947
1187,1431
528,1502
273,458
951,558
1658,945
486,458
577,576
277,55
1128,1130
565,458
303,458
277,1223
1349,311
793,93
953,1277
1332,1310
377,1575
1330,446
912,458
345,347
105,106
965,964
953,1627
729,458
257,877
399,1226
961,966
1559,1558
855,1213
951,921
583,525
167,58
898,802
237,238
598,1183
1626,1625
1330,580
945,180
1433,1432
198,1185
178,947
887,1178
945,1348
1330,930
1187,881
865,867
951,116
216,192
864,1396
951,1284
1436,804
1083,945
687,945
630,182
425,945
1160,1165
1599,1212
353,547
945,193
1296,945
179,1185
946,1061
951,1176
159,947
733,953
951,358
717,716
1296,1295
1495,458
951,1297
550,953
930,945
585,947
758,838
1338,1184
1057,1171
1349,1279
881,945
353,560
227,155
953,30
951,1418
719,617
1481,186
531,832
1644,1641
1363,1362
1330,1185
