382,947,1157,1168
353,458,945,951,1190,1192,1330
1658,1661
138,240,945,951,1330
536,537
945,1301,1315,1330
299,301
951,1184,1185,1266,1529
871,872
343,344
305,306,951,1184,1185,1330
951,1330,1428,1430,1438
715,833,945,1187
679,682,945,951,1349
494,525,945,951,1256
104,394,1066,1296
73,206,945
8,947,1255,1332
278,281,374,945
905,906
496,525,898,951,1315
945,951,1182,1183,1592,1593
92,947,953,963,1281
399,458,1349,1555,1575,1580
123,820,945
945,951,1172,1182,1183,1203
107,108
365,632
786,805
1418,1656
442,443
399,945,951,1182,1194
189,612,945
277,531,1074,1081
783,785,1464,1466
504,883,930,947
353,458,951,1182,1184
1022,1023
293,337,578,948,951
1004,1005
1330,1400,1629,1637
476,477
951,953,1190,1192
399,458,1349,1364,1370,1550
268,270,342,945
353,458,859,861,945,951,1330
947,1302,1316,1332
174,441,945,951
353,458,945,951,1256,1257,1330
289,368,528,951,1213,1450,1464,1488
531,985,1467,1470
823,951,1182,1183,1484
315,404,410,945
501,630,951,1182,1183
18,951,1048,1182,1183
479,635,945,951
353,458,951,988,1327
629,1048,1413
286,303,531,951,1456
396,397,528,951
773,1379
358,359,951,952
261,951,1003,1184,1185
7,353,458,951,1254
353,458,472,474,945,951,1330
467,468,951,1182,1183
277,1032,1057,1171
773,775,951,953
786,1087,1090,1330
945,951,1182,1183,1262,1263
328,330,951,953
1424,1425
1665,1667
676,678,951,1002,1040
817,819,951,953
150,151,353,458,945,951,1182,1183,1330
945,951,953,1197,1200,1396,1397
303,531,951,1175,1456
371,452,528,951
951,953,1658,1660
1203,1205
353,458,1349,1352
642,643
73,383,951,1184,1185
674,675
334,335,364,396
531,945,951,958,1334
146,147
53,277,1252,1497
353,458,723,724,951
364,396,541,951,1301
629,789
1524,1525
368,528,531,1182,1183,1467
399,444,452,458,951,1187,1349
185,209,951,1184,1185
666,667,668,669
491,1498
127,128,947,953,1522,1525
71,702,945,951
922,935,1330,1400
122,123,353,458,951
844,849,951,1099,1330
1590,1591
499,525,898,951,1305
6,947,1253,1332
374,376,951,953
774,775
65,945,1187,1393
542,544,951,953
303,531,672,673,951
947,1160,1162
951,953,1263,1265
945,1182,1184,1330
279,280
10,701,1062,1281
1638,1639
399,458,531,1262,1317,1349
942,945,1117,1124
49,947,953,1229,1261
139,140,945
475,477,951,953
312,313
502,578,887,945
353,458,531,661,951
281,353,458,951,1330,1597,1618
89,399,458,958,1278,1349
353,458,951,1063,1064
353,458,945,951,1083,1085,1330
458,661,951,1267,1349
917,924,947,1332
255,650,1412
346,347
378,379
528,1078,1184,1185,1393
347,401,947,1332
353,590,920,921,945
715,770,945,1330
155,227
1228,1229
181,208,951,1184,1185
877,885,951,1184,1185,1542
353,458,945,951,1239,1241,1330
945,951,1182,1183,1608,1615
521,947,953,1255,1296
945,1330,1382,1434
629,898,1396,1397
251,353,452,458
641,644,945,1330
342,399,945,1401
518,906,1290
353,458,715,770,951
48,277,1234,1260
629,789,1483
445,446
654,657,947,1150,1151
56,900,947,953,1566
95,399,458,1227,1284,1349
461,893,945,951,1182,1183
365,764,931,945,951
353,458,755,757,945,951,1330
136,168,945
486,1246,1247,1330
353,458,838,887,951,1330,1358
99,399,458,1291,1349,1564
947,1290,1304,1332
945,951,1182,1183,1468,1469
374,718,719,945,1187,1393
781,782
353,458,790,792,945,951,1330
93,420,793,1299
364,396,951,957,1117
511,512
113,951,1182,1183,1508
951,1078,1182,1183,1219
1342,1343
353,458,528,1219,1288
651,941,945,951,1182,1183
881,945,1464,1468
353,413,945,951
181,945,1479
376,1166,1170
528,951,1278,1375
662,663,1150,1151
16,17
495,562,951,1254,1349
403,405,1159
39,947,953,963,1298
125,951,1003,1182,1183
0,148,353,377,396,436,444,452,458,475,515,531,532,562,563,578,595,608,625,682,718,726,729,873,881,887,931,945,951,973,1007,1029,1034,1052,1067,1117,1128,1135,1141,1147,1169,1182,1184,1187,1278,1279,1280,1281,1318,1321,1330,1349,1364,1390,1412,1434,1440,1453,1502,1507,1508,1557,1575,1598,1640,1641,1665
428,839,951,1605,1608
353,458,945,951,1058,1060,1330
154,241,353,458,951
368,673,674,881
1190,1192
1172,1174
947,1332,1403,1411
377,379,951,953
83,84
951,1182,1183,1247,1633
353,458,951,1656,1661
353,458,945,951,1284,1285,1330
951,1184,1185,1234,1478
213,303,531,602
382,1167,1168
116,117
353,458,945,951,969,971,1330
1349,1371,1645,1649
353,458,945,951,1114,1116,1330
142,154,525
528,691,945,951,1182,1183,1271,1329,1330
353,430,432,458,945,951,1330
683,920,921,945,1605
296,298,951,953
303,428,531,1404
353,458,945,951,1093,1095,1330
399,458,531,1349,1426,1463
945,951,1041,1155
201,637,945,951,1182,1183,1213
855,857,942,945,1187,1213
945,982,1187,1345
839,852,951,1605,1614
144,898,945,951,1227
945,1179,1186,1187
1197,1199,1200,1202
1097,1098
1079,1080
531,599,602,945,951
1626,1627
353,458,945,951,1303,1304,1330
431,434,730
268,397,951,1385,1456
528,1078,1182,1183,1393
565,568,947,953,1215
584,585
1659,1660
242,945,1238
353,458,734,736,945,951,1330
113,457,951,1184,1185
630,951,980,1213
311,951,1349,1589,1640
814,859,945,1110
134,898,945,951,958
0,761,951,1127,1502
31,947,953,960,1279
945,1330,1621,1637
353,414,458,945,951
399,458,887,911,1349,1543
96,947,953,1229,1285
157,1000,1393,1459,1507
458,951,1349,1434,1437
859,861,951,953
1419,1656
161,947,1251,1566
303,337,531,1434
22,1087
381,382
945,951,979,1238,1464
720,762,763,945,951,1152,1213,1450
1565,1566
36,947,953,1292,1566
50,277,1223,1258
452,783,1187
353,458,604,605
951,953,1431,1433
497,525,898,951,1313
277,292,303,531
127,128,652,655,945
99,416,796,1291
9,945,1256,1330
325,353,411,458,945,951
52,718,719,951,1364
353,458,618,625
528,1075,1182,1183,1393
353,458,729,731,945,951,1330
951,953,1464,1466
353,458,945,951,1090,1092,1330
514,525,951,1033,1039
107,399,458,1224,1299,1349
208,277,491,528,951,1074
951,953,969,971
834,835
1666,1667
112,951,1184,1185,1434
945,1271,1330,1392
569,951,1113,1393,1491
732,733,951,953
844,931,945,951,1330
868,869
125,951,1003,1184,1185
1141,1143
945,951,1184,1185,1338,1341
103,104
38,947,953,960,1296
85,86
353,458,566,568,945,951,1330
248,250,353,458,951
353,458,945,951,1307,1308,1330
293,510,1219
353,448,450,458,945,951,1330
348,349,353,458,951
492,604,920,921,945
820,822,951,953
345,353,399,458,951
752,754,951,953
350,360,915,951,1407
399,458,1349,1434,1438,1551
945,1409,1645,1653
202,203
48,277,898,1234
353,458,945,951,1301,1302,1330
274,353,458,862,951
148,153,353,458,945,951,1182,1183,1330
1336,1337
353,458,945,951,1280,1281,1330
783,1350,1351,1464
30,795,947,953,1569
629,945,999,1330,1398
463,469,945,951,1182,1183
204,226,951,1182,1183
353,458,676,682
14,701,1062,1285
528,691,789,951,1393
1099,1100
207,368,881,1007
777,779,951,953
1402,1403
353,458,945,951,1291,1292,1330
395,951,1182,1183,1484
51,900,947,953,1226
664,665,927,930
323,324,1288,1393
938,951,953,1150,1151
49,900,947,953,1229
41,798,947,953,1229
1435,1436
672,676,951,1625,1626
1133,1134
127,128,951,953,1182,1183
684,690,945,951,1349
353,458,951,972,1325
353,458,945,951,1121,1123,1330
353,458,951,1388,1389
233,235,881,883
951,1593,1605,1624,1625
353,458,531,559,561,1330
1182,1183,1184,1185
353,354,910,951
951,953,1385,1387
149,151,364,396,951
1494,1499
1534,1535
43,616,900,947,953
45,947,953,963,1257
76,366,783
861,864,947,953,1396,1397
995,997
47,900,947,953,960
915,951,1012,1184,1185,1187
566,567,951,952
101,417,796,1293
951,953,1182,1183,1396,1397
133,947,963,1257
1568,1569
277,945,951,1171,1564
726,951,1427,1440
887,889,951,953
117,616,947,1249
116,614,898,945,951
382,947,1164,1167
715,1100
771,772
703,704,951,953
85,399,458,1274,1349,1564
803,804
436,438,1239,1241
333,945,1001
1,353,458,951,1248
90,394,1066,1279
188,212,951,1182,1183
303,531,764,1393
836,837
928,945,951,1041,1056
368,370,951,953
137,648,764,945,951,1213,1330
153,225,528,951
368,881,1318,1328
272,273,399,458,951
1139,1140
353,458,535,537,945,951,1330
101,796,945,951,1567
131,528,886,951
309,310
277,399,458,1223,1224,1349
947,1332,1651,1655
62,178,947,953
537,697,698,953,1599
802,898,945,951,1434
851,945,951,1330,1347
376,947,1159,1164
737,739,951,953
277,945,951,1497,1567
353,356,535,856,951
1173,1174
499,562,951,1250,1349
376,947,1160,1165
375,376
131,901,951,1182,1183
528,548,951,1628
353,458,740,742,945,951,1330
195,219,951,1184,1185
515,517,951,953
399,458,851,931,951
93,399,458,1224,1282,1349
945,1295,1309,1330
132,898,945,951,961
368,452,881,1219
114,1359
399,458,531,951,953,963,964,1349
893,895,951,953
277,945,951,958,1266
462,910
947,1300,1314,1332
353,458,531,552,555,1330
399,458,531,616,617,951,953,1349
951,1587,1589,1594,1605
353,458,945,951,1289,1290,1330
556,945,951,1187,1629
56,947,953,1251,1566
383,528,951,1393
726,743,746,762,763,951
951,1041,1182,1183,1393
321,328,1393
423,458,844,931,945,1330,1349,1453
361,945,1385,1634
810,811
495,525,945,951,1254
98,616,947,953,1290
951,953,1557,1559
875,883,947,1189
951,953,1029,1031
452,783,951,999,1464
598,951,1184,1185,1498
953,1206,1207,1212,1599
573,574
13,14
743,745,951,953
190,214,951,1184,1185
770,859
353,458,945,951,1330,1456,1458
945,1100,1104,1330
945,951,1186,1196,1401
847,850
651,1024
951,1166,1167,1587,1598
129,622,935,1330
859,945,1533
337,339
119,121,951,953
79,80
353,377,458,951,1330,1595,1597
353,458,951,1390,1391
715,951,1182,1183,1423
255,596,650,945,1330
90,947,953,960,1279
878,879,951,1184,1185,1330
945,951,1349,1621,1640
943,944
155,353,458,901,951
76,256,353,452,458,951,1330
281,402,406,945
0,366,768,1502
303,528,531,1182,1183,1393
461,893,945,951,1184,1185
342,345,1330,1400
1288,1393,1423,1425
69,71,945,1434
1008,1009
816,861,947,1051
715,717,1330,1332
951,1182,1183,1405,1412
353,458,945,951,1057,1062,1330
1042,1043
718,719,951,1182,1183
353,458,951,1288,1393
951,966,1182,1183,1481
562,608,759,760,945
353,458,691,692,951
227,353,458,901,951
492,604,945,1530,1531
353,399,1006,1028
245,246
944,947,1189,1215,1265,1287
353,458,531,1330,1464,1467
1108,1109
150,364,396,951,1397
493,525,945,951,1248
808,858,951,1605,1608
951,953,992,994
555,561,945
205,789,1015
148,152,364,396,951
0,758,838,951,1502
46,277,1254,1266
1142,1143
377,384,399,458,1349,1536
460,552,555,840
11,353,458,951,1258
635,1243,1396,1397
738,739,951,953
40,798,947,953,1226
947,1298,1312,1332
596,764,951,1418
951,953,1393,1395
938,940
109,421,796,1301
1208,1209
1100,1102,1330,1332
680,681
712,713
1511,1512
97,614,796,945,951
25,27,951,953,1067,1069
635,783,1243,1464
100,947,953,1292,1566
165,528,1182,1183,1348
275,805,951,1184,1185
1562,1563
354,458,786,951,1349
499,525,951,1373,1434
353,458,1330,1349
243,250,377,399,458,528,578,691,945,951,1349,1575
80,281,284,945
528,951,1219,1393
288,951,984,1182,1183
598,951,1182,1183,1498
274,528,1184,1185,1418
293,336,945,1239
105,796,945,951,961
214,277,528,598,951,1074
374,380,945
705,707,951,953
1341,1343
452,603,844,931,951,1012,1330
812,813
284,285
455,951,985,1184,1185
1115,1116
173,174,353,458,951
1288,1330,1588,1589
845,846
353,458,951,1271,1392
1148,1149
158,898,945,951,1567
861,947,1535
200,945,1529
881,883,1176,1178
912,913,945,1330
288,764,928,945,951
32,795,947,953,963
353,458,844,915
365,636,945,951,1349
376,947,1165,1167
947,1199,1202,1396,1397
1214,1215
81,82
353,377,379,458,945,951,1330
277,399,458,1227,1234,1349
935,937,951,953
353,458,809,814,951
887,889,1176,1178
109,399,458,1227,1301,1349
528,945,951,1328,1348
452,951,999,1150,1151
87,417,793,1293
353,458,945,951,1147,1149,1330
449,450
368,528,951,1459,1507
996,997
304,951,1155,1184,1185
193,945,965
951,953,1434,1436
1464,1466,1485,1487
404,405,951,953
951,1150,1151,1182,1183
945,1330,1532,1533
182,630,945,951,1182,1183,1213
376,403,405,947
75,173,951,1182,1183
368,881,1603,1604
951,953,1197,1199
436,438,951,953
216,303,464,531
652,655,945,1150,1151
1187,1393,1434
718,719,951,1184,1185
1365,1366
516,517
236,368,881,1385
353,458,575,577,945,951,1330
945,1219,1485
559,560,951,953
68,945,1000,1393
35,616,947,953,1290
1650,1651
157,945,1463
947,953,1332,1599,1601
783,945,951,980,1238
945,951,1330,1648,1652
1380,1381
945,1213,1350,1351
399,458,881,885,1349,1542
702,718,719,726,749,951
945,1330,1388,1389
826,951,1182,1183,1482
52,951,1184,1185,1364
353,458,799,801,945,951,1330
615,616
87,88
64,232,947,953
290,303,531
424,945,1037,1288,1330
1465,1466
951,953,1330,1332
945,976,977,1330
1195,1196
120,121
353,458,951,1100,1104
829,1484
846,933,947,953,1332
528,951,1242,1621
353,458,951,1399,1400
951,953,1665,1667
399,436,440,458,1349,1537
276,396,398,594
700,701
104,947,953,960,1296
684,687,945,1330
353,423,458,951,1270
945,1409,1629,1637
353,458,578,881,884,951,1330
1589,1600,1621,1624
353,458,881,883,945,951,1330
945,1012,1021,1330
945,1187,1193,1194
315,402,409,945
91,399,458,961,1280,1349
293,303,992,998
726,728,951,953
528,945,951,956
399,458,945,951,1288,1330,1393
947,1294,1308,1332
715,833,873,881
597,602,718,719
342,945,951,995,1187
1630,1631
277,292,340,528,951,1074
180,459,945
156,907,945,1330
253,353,458,951,1335
353,458,873,881,951,1187,1330
293,303,399,458,531,1349
196,220,951,1182,1183
1084,1085
255,258,945,1330
1663,1664
496,525,945,951,1260
805,859,945,1330
915,931,945,951,1349
353,458,683,690
353,399,458
945,948,951,1184,1185,1450
303,320,531,1083
37,947,953,1294,1569
578,580
644,646,951,953
71,729,734
396,458,945,1117,1330,1349
303,353,458,951,956,1081,1330
299,457,887
915,935,1349,1371
290,293,296,303
353,458,805,859,951
91,419,793,1297
1504,1505
374,377
951,953,1067,1069
271,945,1330,1407
859,945,1090,1096
932,933
357,945,951,1182,1186
715,725,945,1330
1235,1236
260,353,367,458,951,956,1330
353,458,559,560,945,951,1330
844,849,945,951,1104
859,945,1083,1093
353,458,951,1657,1662
264,865,945
405,1160
437,438
886,907,951,1182,1183
233,235,951,953
826,828,1288,1393
353,458,945,951,1087,1089,1330
229,1288,1330,1441
353,458,912,914,951
951,1150,1151,1184,1185
608,690,945,951,1187
399,458,844,951,1347
353,458,945,951,1313,1314,1330
107,420,796,1299
901,903,951,953
806,807
149,152,1213
135,947,960,1255
1608,1611
124,862,951,1182,1183
353,458,1506,1507
353,458,746,748,945,951,1330
299,887,1508
452,479,486,951,1330
405,1161,1162
353,458,545,547,945,951,1330
821,822
951,953,1007,1009
1400,1401
23,24
951,957,1117,1138
920,921,951,1269,1270,1450
242,299,1393
277,399,458,613,614,1349
928,1056,1155
945,1289,1303,1330
396,465,589,671,951,1117,1421
583,585,951,953
326,327
105,419,796,1297
353,458,945,951,1330,1453,1455
951,953,1041,1043
91,793,945,951,961
240,367,764,945,951,1182,1183
569,951,1450,1491,1561
57,58
353,458,880,951,1330,1595,1596
89,90
249,368,881,1052
1179,1181
1419,1657
353,590,945,1530,1531
939,940
951,953,1653,1655
368,881,1469,1471
499,525,945,951,1250
412,1349,1359,1371
543,546,730
431,432,951,953
399,945,1269,1330
172,585,947,1332
225,244,1233,1349
353,367,458,767,951,1330
426,427
945,951,995,1182,1183,1645
769,919,1024,1349
531,633,1426
487,489,951,953
15,951,1047,1182,1183
210,277,528,951,1074,1497
399,458,531,951,953,960,1334,1349
1330,1400,1645,1653
519,906,1292
119,395,945
498,562,951,1252,1349
399,603,783
591,595,945,951,1349
619,625,945,951,1349
886,907,1150,1151
353,458,945,951,973,975,1330
951,953,1182,1183,1184,1185
945,951,953,1150,1151,1197,1200
576,577
18,20
520,906,1294
1105,1106
224,277,528,951,1074,1171
552,555,559,561
942,951,1213,1216
951,953,1575,1577
353,458,898,904,951
618,844,945,1530,1531
303,341,531,1330
63,64
768,945,1012
1044,1150,1151,1393
681,947,1332,1519
951,1184,1185,1480,1497
703,730,750
293,945,1582,1583
127,128,951,1184,1185
1204,1205
403,1156
907,909,1176,1178
368,881,976,1011
233,368,881,1474
556,583,945,1409
709,710
353,458,951,1441,1442
942,945,1187,1213,1388,1390
396,528,548,589,1117,1351
163,164
299,705,1187
191,215,951,1184,1185
353,356,951,988,1325
353,458,945,951,1274,1275,1330
353,458,562,873,881,945,951,1330,1640
1573,1574
777,951,1107,1182,1183
118,789,1393
487,489
945,951,1182,1183,1632,1645
1606,1607
353,458,945,951,1330,1658,1660
947,1161,1163
546,547,951,953
353,458,945,951,1152,1154,1330
947,1164,1168
1111,1112
228,368,881,1382
262,263
841,842
947,1165,1169
164,660,944,947,1189,1215
1103,1109,1288,1393
222,277,528,951,1074,1266
80,82,353,458,945,951,1330
353,458,528,594,671,951,1330
664,665,666,667
102,947,953,1294,1569
874,875
128,528,633,951,1233,1349
741,742,951,953
274,275,945,951
88,947,953,1277,1569
1177,1178
353,436,438,458,945,951,1330
531,945,951,1495,1564
1176,1178,1434,1436
508,1348
170,249,528,951
118,119,353,458,951
887,945,1135,1434,1502
908,909
870,872,951,953
1078,1219,1396,1397
77,261,951,1182,1183
1211,1212
53,277,898,1497
901,951,989,1184,1185
83,614,793,945,951
399,458,973,978,1349,1544
1244,1245
974,975
109,796,945,951,1227
364,396,538,951,1280
399,458,531,951,953,1229,1236,1349
293,303,464,469
759,760,951,1184,1185
110,947,953,1229,1302
1612,1613
542,545,726,762,763,951
552,554,951,953
226,303,531,617
35,616,798,947,953
353,458,945,951,1311,1312,1330
467,468,951,1184,1185
1634,1636
1288,1393,1461,1473
1646,1647
52,881,945,951,1182,1183
246,944,947,1189,1215,1574
951,1184,1185,1223,1528
694,695,953,1599,1627
920,921,925,928
446,454,947,1189
108,947,953,1226,1300
579,580
353,458,550,551,945,951,1330
1410,1411
726,752,755,762,763,951
376,947,1156,1159
277,399,458,1221,1230,1349
951,1171,1184,1185,1526
1443,1444
111,143,528,951,1393
399,444,447,458,1349,1538
951,953,1629,1631
97,399,458,614,1289,1349
497,525,945,951,1258
645,646
0,951,1502,1602,1603
31,795,947,953,960
353,458,945,951,1052,1054,1330
433,435,951,953
1476,1477
951,953,1662,1664
371,399,458,951,1268,1335,1349
41,947,953,1229,1302
1509,1510
276,377,528,531,951,1333
353,458,945,951,1330,1561,1563
531,945,951,961,964
1013,1014
353,458,590,595
951,1182,1183,1234,1478
85,793,945,951,1564
951,1182,1183,1396,1397
183,184
941,945,951,1024,1182,1183
353,458,951,1406,1419
452,942,951,999,1213
353,458,510,729,733,945,951,1330
730,753,756
103,399,458,958,1295,1349
942,945,1213
399,458,945,1330,1429,1430
778,779
887,945,1364,1367
282,283
293,306,879,945
786,1090,1096,1330
353,458,762,951,1412
522,906,1298
1416,1417
1642,1643
492,562,945,951,1330
951,1182,1183,1266,1529
951,1269,1270,1450,1530,1531
305,319,353,458
724,780
316,317
859,945,1086,1087
626,629,1288,1393
484,485,951,953
178,924,947,1332
728,731,947,953,1215
764,766,951,953
353,452,454,458,945,951,1330
1180,1181
69,70,458,951,1349
350,458,483,951,1352
430,433,726,762,763,951
1515,1516
945,951,1012,1028,1349
862,864,951,953
848,850,951,1184,1185
399,478,945,951
685,686
198,945,1528
890,904,951,1182,1183
194,218,951,1184,1185
239,240,353,458,951
947,1332,1384,1436
586,588,951,953
33,947,953,1226,1283
34,795,947,953,1229
947,1150,1151,1199,1202
572,574,951,953
1053,1054
1600,1601
786,1086,1087,1330
353,356,951,972,981
702,726,749,951,1405,1412
353,458,945,951,1330,1364,1366
458,718,762,951,1349
784,785
0,764,945,951,1502
179,467,945
368,377,881,1393
951,953,1003,1005
951,1171,1182,1183,1526
19,20
818,819
186,210,951,1184,1185
322,323
277,1036,1058,1171
505,790,898,945,951
353,458,487,489,945,951,1330
1153,1154
389,528,942,945,1213,1632
814,816,951,953
355,356
399,439,452,458,513,951,1349
215,277,528,951,1074,1221
916,917
494,525,951,1376,1434
945,1293,1307,1330
28,616,947,953,1273
500,637,951,1182,1183
949,950
586,591,945,1330
399,452,456,458,1349,1539
229,508,1330
494,525,898,951,1311
693,715,789,1420
942,1213,1271,1390
1100,1106,1288,1393
86,947,953,1275,1566
1286,1287
922,931,945,1352
353,458,604,608
78,259,945,951,1187
662,663,1396,1397
1016,1017
357,399,945,951,1401
488,489
1319,1320
945,951,1330,1598,1600
805,951,1532,1605,1608
429,805,945,990
764,945,1584,1585
366,699,873,881,951,1363
622,625,945,1352
368,881,1237,1329
204,945,1494
30,947,953,1277,1569
7,945,1254,1330
575,945,948,1187,1393
254,528,951,1267
127,128,654,657,947
458,658,951,1193,1349
15,17
382,947,1158,1169
587,588
951,1184,1185,1221,1527
945,951,1330,1349
353,458,945,951,1330,1488,1490
507,792,900,947,953
59,60
626,715,789
353,458,708,710,945,951,1330
105,399,458,961,1297,1349
277,613,614,945,951
620,621
556,558,951,953
1451,1452
237,273,638,1349
777,870
353,458,945,951,1330,1503,1505
923,924
951,953,1637,1639
607,611,947,1332
653,654
947,1332,1623,1639
613,951,1182,1183,1496
149,152,353,458,945,951,1182,1183,1330
881,883,951,953
586,644,945,951,1187
631,951,1184,1185,1502
84,616,947,953,1273
945,947
158,159
159,947,1253,1569
498,525,945,951,1252
252,951,1182,1183,1237
353,458,945,951,1330
1518,1519
299,708,762,763,945,951,1213,1450
355,458,913,951,1349
747,748,951,953
399,458,1052,1055,1349,1546
353,458,898,900,945,951,1330
160,898,945,951,1564
947,953,1189,1199,1396,1397
1635,1636
302,303,412,531
550,551,951,953
277,399,458,958,1266,1349
258,259,951,1184,1185
886,1001,1464
277,422,531,951,1269
303,318,531,859
238,508,873,881
625,759,760,931,945
29,947,953,1275,1566
945,1326,1330,1508
129,342,586,1330
951,953,973,975
1122,1123
945,951,1184,1185,1464,1474
353,458,951,985,1326
233,853,881,945
627,628
368,881,1445,1446
798,900,906,947,953
718,719,1494,1495
951,953,1071,1073
1188,1189
3,945,1250,1330
127,128,945,951,1520,1523
1447,1449
103,418,796,1295
390,391
514,525,951,1040,1327
5,945,1252,1330
95,793,945,951,1227
735,736,951,953
1240,1241
1594,1600,1619,1621
970,971
253,254,525,562,578,951,1349
951,953,1138,1140
399,458,658,951,1182,1187,1349
200,224,951,1184,1185
727,728
897,906,947,1332
350,352,353,458,945,951,1330
786,910,1330
389,392,945,951
670,951,1182,1183,1427
783,785,951,953
518,947,953,1249,1290
36,798,947,953,1566
1339,1340
945,951,1330,1349,1352
399,458,578,582,1349,1540
342,344,951,953
230,377,951,1447
945,951,1065,1581,1621
762,763,843,945,951,1025,1213,1450
1354,1355
702,704,951,953
542,545,726,951,1405,1412
525,556,945,1401
859,1083,1087,1090
299,711,951,1182,1183
945,1117,1121,1530,1531
528,945,951,1219,1288,1330
353,458,1605,1640
277,399,458,961,966,1349
557,558
61,62
194,945,1501
267,648,945
629,898,951,1184,1185
951,953,1078,1080
128,364,396,951,1150
940,947,1332,1357
531,945,951,1499,1567
1472,1473
623,624
127,128,951,1182,1183
14,947,1261,1332
95,96
531,614,617,945,951
83,415,793,1289
430,433,718,719,726,951
72,455,945,951,1393
528,766,951,953,1396,1397
160,161
353,458,758,764,838,951,1330
333,510,945
368,881,945,951,1184,1185,1187
959,960
945,995,1021,1409
293,295,1176,1178
353,458,679,951,1517
40,947,953,1226,1300
261,862,951,1184,1185
639,957,1408
1571,1572
718,719,991,998
22,24,353,458,945,951,1330
953,1207,1210,1212,1599
220,303,531,998
945,951,953,1213,1396,1397
1076,1077
97,415,796,1289
38,798,947,953,960
945,951,1349,1360,1361
715,805
353,458,486,528,951,1187
292,528,951,1074
588,593,947,1332
521,906,1296
873,881,945,1349,1358,1371
1091,1092
922,924,951,953
1394,1395
947,953,1150,1151,1522,1525
683,945,1530,1531,1605
174,528,951,1657
629,1155,1330
294,295
107,796,945,951,1224
945,982,1628
353,458,796,798,945,951,1330
859,945,1087,1090
134,135
34,947,953,1229,1285
353,458,951,1413,1414
452,951,999,1396,1397
901,951,989,1182,1183
25,528,951,1067
353,458,945,951,1250,1251,1330
844,931,951,1621,1637
696,697
1578,1579
951,1184,1185,1200,1203,1213
349,360,931,951,1349
399,458,1117,1127,1349,1548
1338,1346,1464,1467
252,693,945,951,1182,1183
852,951,1211,1605,1608
353,458,873,875,945,951,1330
951,1150,1151,1213,1216
234,235
70,399,702,951,1437
278,280,353,458,945,951,1330
300,301
859,1083,1086,1087
71,729,749,945,951
138,240,353,458
353,458,945,1179,1193,1330,1349,1371
353,458,578,580,945,951,1330
951,953,1015,1017
333,334
880,881
353,458,684,687,951
458,945,951,1028,1187
525,583,945,1330
528,1182,1183,1604,1615
1242,1243,1349,1371
804,900,947,953,1436
32,947,953,963,1281
127,128,783,1464
946,947
97,98
400,401
951,1184,1185,1588,1597
345,347,951,953
342,364,945,1408
186,945,1481
434,435,951,953
374,409,410,945
113,303,531,887
789,1401,1420,1656
353,458,945,951,1295,1296,1330
531,1330,1344,1346
907,909,951,953
995,1021,1330,1400
690,759,760,945,1640
353,458,945,951,1330,1367,1369
1045,1046
11,945,1258,1330
776,805,945,1067
353,458,945,951,1330,1332
496,562,951,1260,1349
399,458,945,951,1349
361,363,436,438
621,624,947,1332
1176,1178,1335,1337
425,427,951,953
493,525,951,1372,1434
524,947,953,1261,1302
374,945,1618,1620
130,299,789
141,241,562,951,1349
928,934,945,1456
1414,1415
293,341,353,458
612,617,718,719
217,303,531,1495
1145,1146
1448,1449
162,342,458,661
293,299,945,951,1182,1183
844,945,1347,1349
952,953
605,608,945,951,1349
58,167,947,953
272,634,843
131,989
951,953,1364,1366
458,478,1349
514,562,1038,1349
392,528,945,951,1187,1633
528,951,1193,1349,1371,1398
465,466,945,951,1184,1185
353,458,884,887,928,951,1330
463,472,762,763,945,951,1213,1450
986,987
140,531,945,951,1219,1346
308,947,953,1607,1623
945,1037,1038,1330
716,717
185,945,1480
823,825,951,953
77,261,951,1184,1185
1019,1020
353,458,945,951,1321,1323,1330
126,951,1184,1185,1268
95,421,793,1301
187,945,1478
353,458,844,931
953,1206,1212,1599
764,766
353,425,427,458,945,951,1330
353,458,951,1503,1506
353,458,951,1482,1483
353,458,945,951,1315,1316,1330
353,458,945,951,1330,1665,1667
55,277,1171,1250
393,715
815,816
707,795,900,947,953
1118,1119
720,887,942,945,1213,1422
528,530
353,385,386,458,951
353,458,945,951,1278,1279,1330
945,951,1349,1649,1652
15,304,951,1182,1183
542,545,718,719,726,951
313,317,947,1332
189,213,951,1182,1183
37,798,947,953,1569
12,947,1259,1332
528,764,938,951
951,1182,1183,1271,1390
493,562,951,1248,1349
801,900,947,953,1020
656,657
882,883
578,945,948,1187,1393
219,277,528,613,951,1074
1217,1218
651,919,1024,1349
192,945,991
948,950
399,458,1349,1554,1557,1560
387,388
353,458,945,951,1272,1273,1330
353,458,945,951,953,1330
138,250,951,1349,1506
629,723,1048
54,900,947,953,1569
814,859,945,1049
353,444,446,458,945,951,1330
353,458,915,922,951
1176,1178,1508,1510
353,458,945,951,1067,1069,1330
453,454
531,945,951,1224,1460
762,763,886,945,951,1213,1450,1475
583,945,951,1187,1637
277,399,458,1171,1349,1564
126,206,945,1135,1502
233,236,945,951,1182,1183
720,928,984
898,904,945,1330
886,907,1396,1397
699,945,1011
796,898,904,945,951
131,264,1393
124,862,951,1184,1185
609,611,951,953
490,951,1184,1185,1479
143,1187,1508
715,772,1288,1393
1383,1384
261,263,951,953
376,1167,1169
13,945,1260,1330
528,951,1272,1372
553,554
74,207,945
578,581,951,1464,1470
277,613,1032,1033
595,647,945,951,1187
888,889
54,947,953,1253,1569
293,528,945,1393,1396,1397
147,947,1226,1259
277,399,458,598,599,1349
197,945,1527
945,1117,1124,1530,1531
528,945,951,1187,1462,1471
89,418,793,1295
0,945,951,1120
951,953,1075,1077
72,951,1184,1185,1500
91,92
527,585,947,1332
188,597,945
399,444,452,458,873,881,945,951,1349
1213,1215
303,311,531,832,951
269,951,957,1117,1502
783,1150,1151,1464
106,947,953,963,1298
278,353,458,951,1330,1597,1620
951,953,1141,1143
353,458,878,881
281,283,353,458,945,951,1330
321,324,353,458,951
353,458,532,534,945,951,1330
425,1406
353,458,773,776,951
353,458,715,725,951
944,953,1215,1218
753,754,951,953
280,283,376,947
399,458,1318,1324,1349,1549
94,947,953,1226,1283
715,951,1144,1182,1183
951,1064,1065,1581,1605
526,527
945,951,1012,1182,1183,1649
129,1330,1514,1517
212,303,531,1222
353,458,945,951,1330,1409,1411
833,835,1330,1332
424,1418
945,1299,1313,1330
942,945,1117,1121
325,327,1288,1393
1088,1089
93,793,945,951,1224
945,951,1182,1183,1187,1197
592,593
718,719,965,1334
353,458,945,951,1330,1475,1477
87,399,458,1276,1349,1567
444,452,945,1187
353,458,945,951,1117,1119,1330
353,458,945,951,1330,1508,1510
353,458,505,507,945,951,1330
947,1292,1306,1332
376,947,1162,1169
277,598,599,945,951
945,1330,1401,1409
849,915,945,951,1099
1457,1458
353,458,945,951,1096,1098,1330
493,525,898,951,1303
1489,1490
376,947,1163,1170
659,660
528,572,951,956,1187
142,941,945,1182,1183
898,900,1330,1332
21,227,353,458
353,458,531,549,550,1330
399,458,951,1371,1401
353,356,951,981,1057
1132,1393,1464
1401,1418
199,945,1235
353,458,945,951,1007,1009,1330
353,458,945,951,1254,1255,1330
523,947,953,1259,1300
353,458,945,951,1330,1641,1643
1061,1062
399,458,1349,1508,1513,1553
122,789,1393
791,792
303,340,528,531,951,1074
1041,1393,1396,1397
1611,1614
1622,1623
175,176,945
1094,1095
353,458,492,525
783,945,1078
531,945,1446,1467,1500
179,340,951,1184,1185
813,816
824,825
45,900,947,953,963
805,861,1288,1393
351,352,951,953
26,27
297,298
256,260
890,892
329,330
127,128,886,907
353,458,714,725,951
951,953,1044,1046
362,363
496,525,951,1378,1434
951,953,1379,1381
891,892
1082,1085,1288,1393
510,512,1464,1466
528,951,1137,1346
93,94
805,859,945,1532
190,945,1496
571,953,1452,1493,1563
498,525,951,1374,1434
167,347,947,1332
951,953,1110,1112
495,525,951,1375,1434
524,906,1302
353,458,618,619
769,1024,1349,1598
176,951,1184,1185,1442
497,525,951,1377,1434
510,512,951,953
209,277,490,528,951,1074
364,396,539,951,1284
65,67,951,953
399,458,531,601,602,951,953,1349
353,458,951,1401,1409
101,399,458,1293,1349,1567
720,722
629,725,789
531,945,951,992,998
951,953,1150,1151,1182,1183
951,953,1176,1178
118,274,945
945,1297,1311,1330
674,677,945
195,945,1526
945,951,973,977,1182,1183
702,726,749,762,763,951
528,951,1284,1378
195,277,951,1581,1583
605,609,945,1330
87,793,945,951,1567
945,1291,1305,1330
1176,1178,1364,1366
529,530
951,953,1243,1245
271,649,951,1179,1193
786,809,1608,1611
353,458,1371,1399
66,67
951,1182,1183,1223,1528
39,798,947,953,963
399,458,531,951,953,1226,1349,1460
640,647,945,951,1330
99,100
458,595,759,760,945
137,368,881,1117
265,342,589,945
278,410,411,945
182,184,951,953
353,458,814,816,945,951,1330
132,133
141,691,951,1184,1185
951,953,1645,1647
353,374,380,458,951,1330
1492,1493
1349,1371,1621,1629
964,965
629,898,1150,1151
805,807,1330,1332
166,167
948,951,1213,1453
244,508,1393
756,757,951,953
718,719,726,743,746,951
1576,1577
353,458,486,873,881,945,951,956,1330
353,458,857,881,951,1330,1385
618,844,920,921,945
494,562,951,1256,1349
1030,1031
277,399,458,1349,1497,1567
677,682,786,951,1349
1609,1610
1176,1178,1338,1340
353,458,945,951,1124,1126,1330
345,399,945,1330
693,715,789,1656
718,719,726,737,740,951
287,720,942,945,1213,1557
532,534,951,953
169,206,303,531,945,951
946,952,955,959,1061
399,458,531,951,953,994,998,1349
714,772,1288,1393
266,267
368,873,881,951,1184,1185
374,402,404,945
112,951,1184,1185,1431
528,886,945,951,1187,1633
1129,1130
549,555
945,951,1186,1194,1401
931,945,951,1187,1652
1432,1433
331,332
353,458,945,951,1282,1283,1330
498,525,898,951,1307
643,646,947,1332
80,528,951,1067
342,399,1349,1371
348,458,480,951,1352
237,238,951,1393
945,1015,1434,1557
637,951,979,1213
945,1360,1362
641,647,945,951,1349
947,1020,1134,1332
399,458,873,881,915,945,951,1349,1649
168,170,951,1182,1183
1584,1600,1602,1605
277,966,1033,1036
193,217,951,1182,1183
951,953,1415,1417
303,510,531,945,951,1219
139,945,1132
459,464,718,719
626,904,951,1182,1183
165,368,881,1575
718,719,726,729,951
788,947,953,1610,1623
277,945,951,961,966
293,295,951,953
762,763,951,1182,1183
1144,1146,1288,1393
951,1184,1185,1405,1412
811,947,953,1613,1623
1616,1617
353,458,945,951,1252,1253,1330
353,458,676,679
854,856,951,1605,1608
800,801
951,953,1514,1516
436,531,951,1462,1467
218,277,468,528,951,1074
563,565
537,953,1209,1210,1599
1136,1137
3,4
945,1330,1649,1653
866,867
353,399,844,931
338,339
951,953,1052,1054
444,446,951,953
462,786,1330
945,951,1044,1048,1182,1183
353,458,945,951,1260,1261,1330
899,900
80,353,458,951,1330,1596,1618
951,1182,1183,1480,1497
718,719,1220,1222
942,945,1530,1531
251,455,951,1184,1185,1330
528,548,945,951,1213,1351
201,203,951,953
101,102
372,373
465,466,945,951,1182,1183
613,951,1184,1185,1496
232,947,1332,1639
945,951,1006,1028,1330
353,458,802,804,945,951,1330
525,562,945,951,1349
430,433,726,951,1405,1412
353,458,1605,1621
469,471,951,953
718,719,726,752,755,951
705,793,898,945,951
150,151,1213
1050,1051
332,537,1586,1601
780,782,951,953
353,380,382,458,945,951,1330
543,544,951,953
833,837,1288,1393
353,458,945,951,1033,1035,1330
436,439,783
1386,1387
475,477,1176,1178
314,315,353,458,951
528,951,1282,1377
1645,1647
528,951,1274,1373
9,10
1368,1369
233,528,881,951
947,953,1150,1151,1189,1199
364,396,670,951,1628
570,571
951,1184,1185,1530,1531
129,687,1330,1629
55,277,898,1171
1239,1241,1385,1387
44,277,966,1256
47,947,953,960,1255
29,795,947,953,1566
377,1388,1390,1393
951,953,1318,1320
859,945,1093,1096
945,951,1330,1506,1507
1486,1487
353,458,945,951,1330,1570,1572
109,110
688,689
514,525,951,1039,1063
945,1018,1131,1330
995,1012,1349,1371
639,945,983
668,669,927,930
280,405,408,947
531,945,951,1222,1230
635,1150,1151,1243
721,722
353,458,590,591
353,458,945,951,1299,1300,1330
631,679,684,1135
211,277,528,951,966,1074
730,744,747
843,907,945,951,1182,1183
679,945,1330,1517
452,454,951,953
1585,1586
315,406,411,945
762,763,951,1184,1185
5,353,458,951,1252
787,788
1136,1467
353,458,552,554,945,951,1330
726,752,755,951,1405,1412
145,947,1229,1261
1589,1592
399,458,531,951,953,1222,1232,1349
9,353,458,951,1256
1072,1073
532,534
508,1000
497,562,951,1258,1349
205,789,945,1434,1557
307,308
951,953,1021,1023
5,6
281,409,411,945
610,611
21,789,951,1182,1183,1330
377,379,1176,1178
33,795,947,953,1226
520,947,953,1253,1294
945,1330,1390,1391
448,451,925,928,945
353,458,945,951,1248,1249,1330
951,966,1184,1185,1481
119,945,1107
935,937
314,324
523,906,1300
399,458,1007,1010,1349,1545
74,111,951,1184,1185
28,616,795,947,953
1558,1559
407,408
951,953,1442,1444
42,277,613,898
353,458,945,951,1309,1310,1330
1322,1323
285,377,881,945
473,474
794,795
951,953,1508,1510
844,918,945,951
1288,1393,1532,1535
85,416,793,1291
506,507
42,277,613,1248
827,828
1356,1357
206,377,1393,1641
505,507,951,953
399,458,531,951,953,1349,1499,1569
860,861
935,945,951,1187,1645
11,12
901,945,1100,1103
873,881,945,1187
363,438,530,953
951,1047,1155,1182,1183
695,698,953,1599,1627
353,458,928,934,951,1330,1456
4,947,1251,1332
770,805,945,1461
1454,1455
525,583,844,931,951
894,895
858,951,1002,1605,1608
926,927
951,1213,1216,1396,1397
353,458,945,951,1029,1031,1330
951,953,1641,1643
353,380,458,951,1330,1618,1619
129,130
501,509,951,1182,1183,1213
550,551,552,554
148,153,1213
353,386,388,458,945,951,1330
1,945,1248,1330
269,951,1135,1182,1183
951,953,1128,1130
1521,1522
847,849,945
993,994
144,145
458,951,1182,1194,1349
99,796,945,951,1564
399,458,873,876,1349,1541
83,399,458,614,1272,1349
726,737,740,951,1405,1412
1026,1027
177,178
306,336,368,881
925,928,951,1184,1185
136,169,945
353,458,758,767,873,881,945,951,1330
342,345,945,1409
915,922,945,1330
622,624,951,953
1059,1060
206,368,881,1641
458,1349,1361,1371
199,223,951,1182,1183
1362,1363
113,291,528,951
13,353,458,951,1260
951,968,1184,1185,1501
564,565
694,953,1599,1627
3,353,458,951,1250
1125,1126
619,622,945,1330
137,648,764,945,951,1182,1183,1330
399,458,531,951,953,1349,1495,1566
89,793,945,951,958
303,531,886,945,951,1078
314,325,945,1041
536,946,952,954,959
495,525,898,951,1309
788,861,947,1332
353,458,951,1012,1021
266,270,353,458,951
1191,1192
127,128,938,951,953
353,458,945,951,1025,1027,1330
46,277,898,1266
353,458,483,485,945,951,1330
904,906
43,616,947,953,1249
951,1167,1587,1598
115,693,945,1288,1330
1225,1226
197,221,951,1184,1185
853,855,945,951,1184,1185
10,947,1257,1332
1071,1662
945,951,953,1150,1151,1213
730,738,741
2,947,1249,1332
291,942,945,1155,1187,1213
829,831,951,953
951,1182,1183,1200,1203,1213
730,731
264,817,945
486,513,951,1239,1330
528,766,951,953,1150,1151
744,745,951,953
441,443,1288,1393
519,947,953,1251,1292
353,458,945,951,1297,1298,1330
869,947,953,1617,1623
528,887,1135,1182,1183,1187,1502
60,172,947,953
1187,1393,1431
1018,1020,1176,1178
353,458,749,751,945,951,1330
127,128,629,898
726,743,746,951,1405,1412
353,458,945,951,1276,1277,1330
353,458,683,684
191,945,1498
353,458,480,482,945,951,1330
198,222,951,1184,1185
797,798
155,945,1288
376,947,1159,1160
811,816,947,1332
528,951,1276,1374
314,317,1288,1393
951,1182,1183,1221,1527
830,831
750,751,951,953
353,458,945,951,1305,1306,1330
68,69,951,1182,1183
863,864
51,947,953,1226,1259
951,953,1049,1051
718,719,1235,1460
293,314,833,945
1120,1135,1184,1185
143,531,764,1346
947,1296,1310,1332
626,628
711,713,951,953
1198,1199
389,391,951,953
896,897
1044,1393,1396,1397
129,644,995,1330
1187,1189
371,373,951,953
552,554,840,842
1231,1232
77,125,951,1184,1185
308,310,947,1332
929,930
345,945,951,1021,1187
865,867,951,953
24,1089
103,796,945,951,958
1264,1265
783,1396,1397,1464
962,963
364,396,540,951,1297
385,393
353,458,893,895,945,951,1330
799,898,945,951,1018
951,968,1182,1183,1501
769,1024,1233,1349
399,458,1067,1070,1349,1547
402,403,951,953
187,211,951,1184,1185
786,951,1349,1608,1640
531,945,951,1227,1236
726,728
490,951,1182,1183,1479
221,277,528,951,968,1074
1331,1332
687,689,951,953
951,953,1517,1519
533,534
675,678,951,1184,1185
869,872,947,1332
947,1156,1157
399,458,1349,1556,1641,1644
231,232
634,636,945,1330
44,277,898,966
114,205,528,945,951
353,458,492,562
412,508,873,881,951,1393
686,689,947,1332
500,951,1182,1183,1213,1353
945,951,1182,1183,1464,1474
481,482,951,953
1128,1130
303,319,531,881,951
567,568
353,458,631,638,881,951,1330
902,903
313,947,953,1591,1623
600,601
859,1083,1090,1096
353,458,928,930,945,951,1330
293,299,945,951,1184,1185
1194,1196
78,764,931,945,951,1349
105,106
936,937
257,945,951,1345
353,458,502,504,945,951,1330
257,877
399,458,1349,1434,1439,1552
947,1332,1510,1512
171,172
353,458,531,1330,1338,1346
79,945,1445,1464
283,403,408,947
945,1015,1187,1393,1557
1034,1035
299,303,531,951,1182,1183
277,945,951,1221,1230
769,945,967,1321,1349
353,458,563,565,945,951,1330
522,947,953,1257,1298
765,766
914,1420
1068,1069
192,216,951,1182,1183
115,175,1330
261,951,1003,1182,1183
947,1332,1577,1579
1101,1102
196,945,1220
361,436,528,951
951,953,985,987
726,737,740,762,763,951
938,951,953,1396,1397
223,303,531,1334
528,951,1239,1385
1,2
947,1014,1023,1332
247,945,1329,1330
606,607
353,458,945,951,1258,1259,1330
406,408,951,953
832,833
374,1388,1390,1393
50,277,898,1223
353,458,726,728,945,951,1330
353,458,945,951,1293,1294,1330
859,1083,1093,1096
808,854,951,1605,1608
52,879,945,951
951,953,1353,1355
581,945,957,1187,1393
369,370
353,458,1338,1344
886,907,951,1184,1185
353,458,793,795,945,951,1330
1201,1202
180,290,951,1182,1183
227,228,951,1182,1183
706,707
195,277,1582,1589
666,667,1530,1531
951,1184,1185,1396,1397
945,951,1150,1151,1520,1523
368,528,1001,1184,1185
609,687,945,951,1187
470,471
146,898,945,951,1224
726,951,1321,1350
528,951,1280,1376
353,458,945,951,1128,1130,1330
1654,1655
353,458,945,951,1330,1385,1387
278,404,406,945
1078,1150,1151,1219
503,504
947,1158,1159
7,8
