1
1
1
1
1
1
1
1
1
1
1
1
1
1
1
1
1
1
1
1
5
4
4
17
0
4
4
6
16
1
0
4
0
1
5
5
4
5
8
0
0
0
0
0
0
1
16
4
1
8
5
4
8
8
8
5
5
4
0
1
5
17
17
0
31
1
0
5
6
0
0
11
0
11
0
4
4
4
0
0
0
0
0
29
16
16
0
0
1
18
6
0
6
1
5
6
8
0
1
5
6
6
4
0
1
40
6
4
8
0
16
1
4
6
6
0
0
0
17
5
43
0
5
46
2
41
5
50
35
46
4
29
0
41
4
41
32
32
41
17
18
4
4
35
43
43
21
43
49
43
43
5
43
43
43
24
9
8
43
41
41
43
35
62
33
5
46
62
8
6
17
0
2
8
62
62
21
64
5
8
17
43
31
50
8
2
4
41
62
33
62
41
0
19
41
8
21
5
17
41
43
5
49
28
9
43
63
8
17
62
28
68
32
4
41
61
46
19
26
61
2
8
8
0
63
6
0
63
6
64
9
62
55
35
29
16
5
62
8
63
0
31
19
43
31
37
37
33
29
0
63
41
41
1
63
63
68
0
4
43
50
1
19
0
61
21
24
0
62
37
33
43
4
38
21
21
62
50
13
13
24
68
82
6
50
38
15
13
63
13
35
15
13
15
13
38
41
15
15
13
13
13
15
0
13
29
15
43
13
4
13
50
19
67
4
32
4
6
15
13
13
4
15
32
71
15
13
68
32
6
64
1
0
15
1
86
13
41
41
17
0
25
13
32
35
25
32
77
25
33
33
25
72
62
64
25
25
88
35
35
13
25
88
63
77
38
38
77
62
62
8
15
77
32
6
16
8
4
38
13
62
77
22
56
62
22
41
41
25
38
45
88
45
13
50
17
54
54
44
8
70
41
8
57
88
88
77
88
25
25
25
45
62
25
87
37
70
56
37
92
17
17
87
93
25
0
13
45
13
57
0
43
56
31
87
31
62
15
18
0
15
32
0
77
25
32
21
54
72
84
87
70
70
41
57
98
25
88
4
71
77
0
19
22
37
56
13
25
25
17
58
17
56
44
77
77
56
56
99
90
101
45
41
57
5
15
70
92
22
25
75
62
77
32
25
56
85
88
62
63
70
32
32
62
72
63
8
45
1
15
101
19
25
45
87
77
8
32
57
87
6
38
32
32
5
56
85
32
29
22
57
88
88
45
32
32
32
43
38
45
22
56
15
34
34
101
43
29
77
65
21
63
63
29
62
85
72
1
56
84
87
82
29
88
0
25
45
1
77
67
57
1
57
31
63
16
22
63
56
4
5
77
63
90
29
1
38
29
77
56
41
56
88
50
88
6
15
88
70
88
6
6
56
34
34
32
86
57
6
34
6
25
56
77
58
77
45
22
8
8
77
87
22
77
37
56
41
82
91
22
88
88
88
77
56
18
32
38
32
32
86
56
38
38
62
24
77
17
17
29
45
0
56
56
91
4
62
84
44
91
44
8
43
63
92
38
86
6
25
25
56
21
40
19
38
15
56
40
54
77
40
68
37
92
5
46
43
25
83
92
37
24
46
68
63
40
8
98
35
35
22
40
32
19
92
25
19
45
64
82
0
0
25
22
40
40
40
57
70
70
70
70
31
0
56
84
15
24
34
25
70
1
80
45
99
32
29
66
56
57
62
46
68
32
29
34
38
62
72
46
100
34
33
46
15
34
34
29
25
40
25
37
92
16
6
57
6
92
45
37
5
63
38
56
17
40
40
70
29
52
38
52
52
68
22
4
43
6
70
25
29
59
38
38
52
92
52
2
52
60
63
85
66
66
25
8
40
25
29
8
77
44
8
8
8
56
8
69
52
52
37
52
92
29
5
77
17
11
56
56
37
102
52
11
2
34
25
4
11
8
11
17
56
56
77
41
52
5
52
35
60
4
25
25
25
25
48
6
57
25
32
6
52
11
45
0
12
17
8
40
34
89
6
56
56
6
0
11
33
22
52
56
43
50
25
8
8
11
1
16
64
25
25
25
89
29
11
89
11
63
25
33
33
29
25
62
19
25
30
11
11
21
11
6
57
34
6
41
70
7
29
33
29
40
34
89
27
52
16
43
30
11
7
101
0
62
37
67
27
29
22
37
1
92
1
1
29
56
56
0
77
52
25
27
2
71
15
25
72
22
17
27
40
89
7
11
90
44
29
54
15
29
29
27
35
56
101
41
25
19
90
52
83
13
13
66
92
25
41
85
30
41
41
22
29
32
22
21
77
21
8
25
71
77
30
5
32
66
35
7
100
29
12
107
34
46
70
2
30
45
54
25
11
66
5
25
11
7
42
7
72
38
22
72
22
22
22
2
69
37
37
32
29
30
40
1
68
89
108
40
29
12
7
40
86
6
63
52
60
24
11
52
87
0
41
77
25
89
67
29
41
40
62
6
32
56
23
34
25
52
6
105
62
1
11
62
77
66
63
29
70
52
29
67
70
63
40
79
0
8
62
29
62
52
72
0
1
62
44
24
89
92
45
11
67
56
87
4
52
28
62
38
29
35
70
90
45
106
52
19
52
106
29
80
46
25
93
45
56
44
100
38
44
41
70
89
45
18
41
54
40
59
25
62
16
70
70
66
66
19
100
0
77
41
77
50
50
50
80
63
41
8
90
34
22
80
80
38
1
89
63
67
34
1
34
35
35
25
40
91
6
50
25
25
25
66
0
92
0
73
57
40
40
35
80
80
40
100
16
72
10
25
50
40
11
37
76
101
62
34
50
52
38
63
45
56
52
39
60
5
45
73
56
54
37
37
70
46
8
87
70
70
70
70
70
80
80
87
72
4
91
8
15
37
10
17
17
41
8
43
11
44
70
29
70
40
15
10
63
11
10
29
70
38
24
24
40
43
40
43
29
44
18
6
45
87
0
37
10
38
45
37
72
50
45
6
35
70
4
101
5
41
10
56
34
30
70
11
40
5
57
5
29
63
22
100
29
10
22
16
44
91
11
37
7
4
45
40
27
37
89
5
6
57
56
22
17
40
29
40
43
92
72
72
29
8
50
56
56
0
4
63
89
89
17
40
92
18
29
40
17
70
70
7
11
27
31
62
22
72
31
31
31
27
109
50
22
70
28
63
29
29
8
29
63
63
5
34
34
40
56
68
80
15
29
17
17
40
92
92
34
16
97
97
109
27
92
40
27
13
5
29
27
29
3
13
5
10
10
37
92
7
0
7
50
37
29
29
29
29
40
34
40
40
29
29
40
34
40
40
29
40
40
40
40
40
40
