0
2
0 3 4 5
7 6
8
3
0 9 3 4
7 10 11 6
7
12
13
0 8
14
0 2 3 4 5 6 7 8 10 11 13 15 16
4
5
0 3 4
11
4 5
7 13
7 6
1
8 1
6
3
18
3
7 1
13
6
1
0 1
18
4 13
1
7
0
9
17
1 3 4 13
14
3 13
19
13
1 3 4 13 20
0 3 4 13
21
13
18
22
23
0 1 3 13
14
24
6
8
6
1 18
5
7 10 5
23 7
25
24 6
4
26 27 28 29 30
10
1 5
7 8 6
5
1 4 13
32 1 3 4 13
7
9
33
7 10 4
1 13
0 3 13
0 18
7
7 29
7 4
4 13
7 1
34
11
35
1 3 4
1 3 4 5 7 10 11 13 15
0 3 4 5 7 10 11 13 15
36
7
1 13
10
7 10
7 1 6
7 1 5
24 6
7 1 10 5
0 4
37
17
37
38
1 4
0 2 3 4 5 6 7 8 10 11 15 16
39
8 29 5
3 13
37
1 41
7
7 0
15 3
1
8
7 1 10
10
1 3
24
39
42
1 6
8 6
44 45
6
47
7 48 6
49
51
44
5
31
7 1 5
52
9
44 46 47 53 54 21
55
24
32 52
24 5 6
56
3 5
56
21
56
56 57
35
56 57 42
26
57 42
57
23 24 8 6
33 42
56 42
58
8
23 5 6
5 6 39 17 23 29
56 59 60
33
24 33 61 46
56 58
0
24 50
63
6 8 23 24 29
45
24
3
7 8 1
7
1 4 5
17
13
39
36
40
55
6 8 23 24 25 29
5 6 23 24 25 29
23 39 5 29
65
26
26
23 39 5 29
8
8
26
41
61
66
67
11
41
19
23 5
51 35
6 7 8 23 24 25 29
2
67 44
7 56
23 8 29 6
30
36
6 7 8 23 24 25 29
7
57 19
4
1
29 6
26
52
52
0 3
24 50
33
21
52
69
46
8 6
69
7
7 10 5
70
2
1 3 4 7 10 13
57
7 5
32
23 8
50
32
30
39
35 21
23 39 29
6
24 1 6
45
48 1 3
29
25
71
72
1
39 24 8
73 74
75 28
1 3 4 5 13
76
24 25 50 77
66
7 11
19
74
52 38
1 3 13
0 1 3 13 18
59
25 77
36
24 57 52
48
11
16
19
10 13
72 49 28
7 8 1 5
78
71 42
37
79 32 52
45 46
45
72
72 28
3
1 3 4
57
80
81
24
6
50
7
10
73 74
4
83
37
0 1 4
7 10
0 4
79
32
18
10
0
1 4
15
13
55
1
66
7 18 10 11
71 56
18 4
18 13
0 3
36 72 84 85 22 28
24
24 41
0 1 13
25
2
25
71 7
7
5
0 1 18 13
71 7 11
23
15
71
8
38
23 25
50
20
0 18 4 13
7 10 3 5
3
37
25
7 10
32 25 77
25
77
1 3 5 7 10
23 56
0 1
66
83 21
29
6
32 67 37 6 41 52 23 25
24 22
87
74
23
49
72 24
63 32 70 73 74 45
20
77
63 32 76 77 85 23
83 51
51 21
0 1 4 8
23 32
63 32 76 77 85
73 74 45 87 89
63 32 76 85
28 66 52
32
32 67 37 6 41 52 85 23 62
25
23
69 6
10 11
32 67 37 6 41 52 85 23 25 62
20
23
8
16
0 13
62
9
38
32 67 37 6 41 85 55 23 25 62
36
58
28 52
84
72 28
32 25
6
52
44 61 46
32 77 52 85 23 57
63 76
7 1 4
37
34 7 39 12 29
44
90
45 46
2
52
25 77
29
19
23 32 85
85 77 32
32 25 85
32 85
86
32
32 52
46
52
23 52
89
1 5 7 8 9 12 17
57
91
1 2 5 7 8 9 12 17
8
25 69 6
34 37 6 7 39 12 29
63 33 89 45
63 45
52
1 11 4 13
1 4 5 7 10
63 70 73 74 87 89
0 1 3 4
54
1 10
58 93 94
95
49
74
24 62 29 22
75
18 10 11
1
1 3 4 5 7 10 11 13
11
25 66
83
67 37 76 81 17 50 85
66
77 85
51
57
96 81 34 84
75
63 33 89
63
76
22
52
97
32 77
63 32 1 6 7 38 41 19 52 23 56 57 62
79 80
57
32
7 10
63
24
1 7 8 12 17
58 85
0 1 4 5 7 10
23 32 39
41
7 25 6
56
7 6
43
46
1 6 7 12 19 23 25 32 37 38 41 52 55 56 57 58 62 63 67 76 81 85
32 67 37 6 41 52 85 25
52
58 52
31 49
44 100 21 54
57
63
85 25 77 32
101
23 8
95
45
7
36 50 84 85 24
39
72
52 38
32 85
63 38 48 19 52 23 56 57
32 6 41 77 52 23
63 57
23 57 63 52
32 77 81 85 56 58
32 52
45 70
63 73 45
62
85
32
75 29
33
92
44 46
0 18
16
50
57
8
44
33 89 70
85
25
64
7
63 33 89 70
7 32 66
21
39
25 52
23 25
50
25
50
39 40
31
91 70
67 71 41 45 52 21 86
64 32 46 85 23
73 89 46
63 57 41 52 23 25
19
7
56 42 60
7
88
50
57 19
12
39 8
8
71
58 42
31 28
88 85
57
102
73
73 45 70
75 62
75 29
66
50
39 29
63
36 77 50 85 22 24 25
63 70
23 104 103
25
32 81 85 56 58
10 11
32 2 6
33
0 9
88 25 85
105 66
32
0 4 13
63
99
32
2
52
87 73 74 70
32
0 1 18
0
32 46 52 23 88 25 90
106
54
52
9
24
69
88
95 63 70 19 57 91 93
33 67 44 53 54 90 61
57 93
32 67 37 6 41 77 52 85 23 62
36
32 67 37 6 41 52 55 23 25
39 1 29
7 37
56 81 58
87
23 32 81 85
1 37
62
79 32 38
39
31 75
57
27
93
32 1 7 8 52 25
49
29
63 32 38 6 41 23 56 57
68
63 67 37 6 38 41 76 85 55 56 57 58 23
95 42 43 91 59 60
32 67 37 6 41 52 55 23
89 44 46
41 52
5
9
67
76
25 52
88 50 76 85
24 50
95 63 68 38 70 79 19 57 93
84
97
56
84 52
77
84
23 81
25
32 58
4
56
63
66 28 29
38
23
63 70 19 57 93
76
79 80 68
32 57 52
56 32
76
28 69 6
25 6
40
89
7 10 3
95 63 68 38 79 80 19 57 91
95 42 43 91 59 60
58
92
107
85
45
52
93
17 92
56 42 94
32 57
8 17
56 57 19
30
7 8
32 66 28
20 77
107
100
96
38
19
56
33
29
21
63 32 67 37 6 38 41 76 52 84 22 55 56 57 58 85 23 62
39 29
76
52 22
4
13
94
94
23 5
30
37
1 2 5 7 8 9 12 13 17
66
68
46
73 70
21
5 6
81
21 102
40
50 84
35
63
32
23
32 57
95
70
23
104
23 52 38
7 11
22
50 84 85
39 34 29
34
39 34
71
73
68
63 89
74
39 29
23 48 5
63 57 19 38
22
76
32
39 40
24
32
7 11 6
68
89 46
31
70
2
32
15
63 56 93
29
61
89 70
88
34 62
31
32 52
28
62
54
21
25 27 52 22
89
44 54
7 10 11
72
66 69 75 22 24 25 27 28 29
39 27
24 29 6
17
23 8 6
0 1 2 4 5 7 8 9 10 11 12 13 15 16 17 18 92
6
15
32 25 8
38
39
25 6
73 74 89 46
63 67 38 41 76 52 85 55 56 57 58 23
23 39
7
100
95 63 38 70 19 57 91
39 40 6
8
39 8
89
24
6
79 80
38
22
56 38
41
1 92
95 42
32 25
63 33 73 74 45 87 89
63 56
31 39
10
23
57
62
2
84
17 77
50
56
25
50
25
8
39 29
39 40 17 29
39 8 17 29
52 22
17
7 1 5 6
32 48 81 19 85 23
54
32 25
39 40 29 6
65 60
42 43
40
8
25
66 22
32 25
66
7 5
22
7 92
88 37 85
11
7 0 1
95 63 68 38 70 79 80 19 57 91
59 60
0 1 2 4 5 7 8 9 10 11 12 13 15 16 17 18 22 23 25 32 38 41 52 56 57 63 69 92
21
41
15 7
77
40
75
10 92
12
23 6
8
34 37 6 39 40 29
91 68
95 91 68
63 32 57 38 76 20 85 55 56 25 58
77
57
37 6
32
27
91
1 38
32 41 62 6
41 62 6
23 32 52 38
63 32 38 6 41 52 22 23 56 57
17
7 25 1
65
63 32 20
63 57 38 41 23 56 25
52 22
28
10
21 46
1 37
6 10 11 15 16 18 92
39 40 29 6
40 6
6
39 29
76
7 8 1 5
91 60
95 91 60
1 37 5 7 8
7 1 10 3
10 12
76
6
36
57
56 60
32 66 69 75 22 25 27 28 29
63 38 39 56 57
1 5 6
7 29 6
18 10 12
8 5 6
1
81
63 38 6 41 77 48 19 23 56 57
32 20 77
72 28 77
33
32 39 40 24 25
15 7 10
70
15
32 25
63 32
43
70
6
32 6
57
81
32 66 6
83
16
20
80
18 12
66
94
39 40 29 96
52
24 29
63 45
8
31 72
89 45
72
39 8 29
24 27 69
87
29
24
43
42 59
49
71
6
1
2
84
69
81
83
49 28
32 25
0 1 2 4 5 7 8 10 11 13 15 16 92
37 7 9 10 12 18 92
1
11 12 37
92
39 25
63 57 38
32 25
79 38
55 20
32 25
32 41
24
7 1 5
11
7 18 11
56
41 49 20 23 56
41 52 62
37
30
39 96
87 70
11
37
44 100
90
31 75
100
7 11
8
31 39 75
49
27 21
63 70
65
20
63 32 20 23 56 57
108
21
49
27 30
37
92
24
13
24 32
62
63 67 38 103 70 41 76 77 48 81 82 19 23 56 57 58 93
31 75
32 85
25 67 77
67 84
32 25
75
85
100 46
32 37 6 81 85 23
70
1
24 22 52 32
101
67 41 81 20 55 56 23
31
18
24 25
105
51 30
12
54
75
6
62
63 32 6 7 40 8 39 24 25
11
33
5
75 28
76
76
39 24 32 6
7 46
24 32
2
28
7 1
1 11
43
37
22 24 25 27 28 29 30 31 32 34 49 50 52 66 69 75 77 83 84 85 99 105 109
24 32
28
22
24 25 52 32
66 29
29
7 1 5 6
6
17 9 2 5
0 1 2 4 5 7 8 9 10 11 12 15 16 17 18 92
23 24 25
39 34
83 35 51
39 32 25
68
1
94
64
39 7 34 29
39 40 34 7
8 6
56 1
39 96 29
81
69
39 40 29 8
84 22
95 68 42 43 91 59
38
18
39
60
7 3
32 67 77 85 25
55
23 39
45
32 77 85 25 61
31 27
32 66 52 22 24 25 28
39 21
77
24 25
25 6
25
32
2
62
24 32
1 13
50
24 25 28 32
38
7 8
25 77
32 34 67 37 6 39 72 41 50 85 29 88 28 24
32 25
29
63 40 39
33 73 74 87 89
72
31 34 75
41
87 73 74 89
87 73 89 70
63 39
38
8
0
32 25
62
66 52
91
31
7 1 4 13
8 17 2
86
71
62
45 70
5
89 21 46
89
33 61 54
63 38 19 23 57
63 20
23
63 32 70 38 19 23 57 62
72
19 52 38
76 62
63 32 66 70 6 75 24 25 28
83 21 51
20
100 21
89 21
76
63 70 38 19 56 57 62
97
19
63
63 56 6
38
76
66 6
57
63 70
95 32 63 68 38 70 57 91 93
100
44 54
24 68
101
50
87 33 89
106
73
0 1 4 13
1
44 100
8 29
43
32 20
24 52 32
7 0
21
87 73
69
41
64 97
38
38
63 32 67 37 6 38 41 76 81 20 85 23 56 57 58
24
32 66 37 6 39 105 50 85 24 25
84 52 22
85 25 77 32
84
63 100 38 41 21
41
67 54
56
100
31 69 72 75 77 50 24 25 28
24 50 52
19
19 38
80 19
7 5
19
21
54
25
37 6
32 75 24 25 28
16 21
39 29
24 75 28
31
25
50 37
38
69
91
32 85
52 22
1 4 13 5
0
92
70
56
39 25
35 21
40 21
63 32 68 38 41 21 56 57
79 38
39 25 29 5
79 38
20
34 29
7
72 77
32 22 84 52 85
31 39
101
0 1 2 4 5 7 8 9 10 11 13 15 16 17 18 92
32
11
85
69 75 24 25 27 28 29
84 85
2 22 69 6
85
20
63 33 70 73 74 87 89
60
28 29
29
58
92
106
45
95 42 68 60
70
8 1 5
8 5
7
45 21
39 5
89 70
38
80
87 73 89 45
54
87 33 74 89
76
70
70
31 34 69 75 109 77 50 24 25 29 30
1 3
76
7 1 5
58
9 5
59
75 6
32 6
32 67 85
39
42 60
18 10
46 100 45 94
87 89 45 21
31 40
87 89
31 29
20
15
89
15 10
15 7 11
72 34
63 73 45 87 89
68
25
52
63 35 21
60
63 8 39
61
109
100 45 46 87 89
4 37
32
63 33 70 73 74 106 46 21 87 89
63
1 38
1 2 5 7 8 9 17 18
11
91
100 44 46 87 89
32 85
109
30
74
32 66 39 24 25 29
31 72 27 21
20 76
7 0 1 13
44
9 37
28
4
89
31 72 109
83 35
63 32
57
39 66
7 13
11
1 13
32 66 75 24 28
1
72
79
66 75 28
95
75
7 20
46 45 54
95
57 20 101
32 66 69 39 8 105 77 17 50 85 24 25 29
1 37 6 5 8
20
21
21 102
86
6
21 45 70
1 6 7 8 13
13 5
76
76
25 27
32 66 69 39 105 77 50 85 24 25 29
39 35
31 40 39
31 39 29
56 42 59
18
24 66 83 29
83
28
39 17
32 77 84 85 22 24 25
95 68 42 43 91 59 60
93
7 1 3
15 7
33 70 73 74 45 21 87 89
74
63 33 70 73 45 21 87
32 66 37 69 39 105 77 50 85 24 25 29
31 96 39
7 10 5
13
27
31 34
39 40 96
63 73
33 74 45 21 87 89
15
74
32
28
27
32
25 109
39
32
22
62
72 25
39 32 25 77
66
63 73 87
1 66 22
70 73 45 87 89
83
32
39 40 29
39 40 8
106 45
27
7 8
50
72 109
96 34 29
7
95
79
92
87
40
85 6
39 20
10
7 10
40 96
7 1 5 6
64 82
108
72
52
15
63
35
7 5
13 6
39 72 109
52 22
39 69
4
7 1 5
92 37
1
12
0 1 2 3 4 5 7 8 10 11 13 15 16 17 92
15 7 10
2
7 1 4 5
10
32 52 22
0 1 2 3 4 5 7 8 10 13 15 16 17 92
24 28 32
34 27
24 75 28 69
32 28
63 96 39
29
35 20
39 96 34
40 25 32
39 40 7
63 32 39 24 25
39 40 8
39 8 34
20
32 6 8 75 24 28
28
39 24 25 32
25
32 25
63 32 70 39 8 19 23 25 29 62
32 39 8 24 25
