20,25,32,38,55,56,57,58,63,76,77,85
7,17
36,62
20,25,32
67,77
70,73
1,7,13
29,32
8,9
20,25,32,77
0,5
0,14
21,46
5,92
33,70,73,74,87,89
6,29,56,63
6,66
29,34,62
0,1,3,4,13,18
6,7,8
25,34
6,7,17
33,73,74
33,56
57,70,91
25,52
3,15
22,28
24,37,50
43,60
45,46,73,89
1,7,9,10,12,18,37,92
8,24,25,32,39,40
15,16
6,10,11,12,15,16,18,92
35,83
7,12
1,4,92
6,17,29,34,37,39,40
13,92
6,23,32,37,77,81,85
6,17,75
25,39,40
0,1,3,4,7,10,13
28,62
29,72,75
21,35,83
19,38,56,57,63,68,70,79,80,91,95
20,25,32,63
0,3,7
20,35,40
6,7,8,9,23,24,25,29
25,41,77
56,57,63
0,9
77,85
29,34,39
6,52
30,31,75
24,25,28,31,34,50,69,72,75,77
29,63
40,63
21,33,45,46,63,70,73,74,87,89,106
10,11,12,18
22,24,25,36,50,77,84,85
81,82
25,29
34,72,81,84,96
63,70,73,87,89
21,45,46,89
31,72
32,55
5,6,8,23,24,25,29
23,86
31,99
32,64
7,10,11,15,18
22,37,52
7,11,15
56,60,91
29,31,34,75
72,109
6,23,25,32,38,41,56,57,63
24,25,28,75
7,16
36,52
17,48
6,17,39,40
57,93
19,38,52,62
76,106
23,82,103,104
7,10,92
29,31
6,29
29,40
50,72
7,10,11,15
23,37,38,41,52,55,56,57,58,63,67,76,85
21,45
2,6,22,52,69
28,29,32,66
21,54
5,6,37
39,62
10,11,15,18
34,39,40
81,86
0,1,3,4,5,13
11,89
39,40,66
6,23,32,37,41,52,55,67,77
1,6,7
32,41
35,51,83
32,50
84,88
43,59
32,77
17,25
38,56,57,63
0,1,37
7,11
25,28,32,66
0,1,5,7
28,52
24,29,41
65,101
6,24
0,1,3,4,5
10,11,12
22,29,66
6,23,32,37,41,52,62,67,77,85,88
24,25,29,30,31,34,50,69,72,75,77,109
21,40
32,37,85
38,62,76
50,85
6,25,32,41,62
27,83
6,25,32
2,8
22,25,32
91,95
25,32,39,50,77
10,12
2,17
19,97
25,28
62,77
22,32,50,52,84,85
32,63,70
24,32
1,5,7,8,37
66,67,105
24,41
6,17,24
22,24,25,32,50,77,84,85
32,63
32,56,58
56,91
0,1,2,3,4,5,7,8,10,13,15,16,17,37,92
17,29
28,29
6,7,32,66
0,1,41
23,32,52,57,77,85,88
76,87
37,77,85,88
38,70
6,10
38,79
31,34,72,109
7,11,15,71
6,8,69
57,101
15,95
0,1,3,4,9
50,62
6,37
21,41,44,46,47,53,54
32,56,58,77,81,85,88
21,35
77,85,88
6,22,23,32,37,38,41,52,55,56,57,58,62,63,67,76,77,84,85
24,25,27,28,29,34,69,75
6,25,41,62
22,25,27
43,56,58
45,63,73,74,87,89
39,52
21,33,45,63,70,73,87,89
30,83
33,63,87,89
8,92
6,24,28,29,32,34,37,39,41,50,67,72,77,85,88
8,39,40,63
23,62
24,27
3,4
64,81
45,70,89
43,58
23,25,56
0,1,9
32,77,85
31,34,75
0,1,18
28,41,72
8,17,39
2,6,8
17,24
56,95
21,44,54,90,100
64,108
24,25,28,32,34,75
19,64,97
76,91
25,41,67,77
17,39,40,96
6,23
19,38,56,57,63
30,35,51,83
70,73,74,87,89
6,32
45,63,76
5,6,13
8,69
31,34
10,11
11,12,18
2,7
11,74
8,34,39,40
2,16
0,83
25,32,61,67,77,85
19,38,80
25,32,41,67,77,85
0,92
23,25,32,41,52,57,63
20,70
28,29,75
28,49,62,72
42,43,59,60,68,91,95
35,40
1,38
44,45,46,94,100
34,72
0,1,4
45,63,70,73
5,8
0,1,13
56,57,63,93
20,63,87
7,29,34,39,40
6,17,32
20,39,40
21,35,40
8,39,40
76,77
20,23,41,55,56,67,77,81
17,37
7,63
15,76
6,24,25,28,29,32,63,66,70,75
19,23,32,48,77,81,85
0,1,4,5
50,52
5,6,8
10,11,15
63,89
23,25
0,1,3,7,10
1,4,8
28,29,52
42,43,56,59
5,9,37
0,1,5,7,10
42,43,56
22,32
1,5,7,13
72,75
7,10,13
32,39
19,38,56,57,63,68,70,79,93,95
44,93
0,1,4,7,13
6,7,12,17,29,34,37,39
0,1,3,4,5,7,10,11,13
0,1,8
28,52,62
32,85,88
70,87,89
45,76
56,76
29,31,75
46,68
5,39
38,79,100
15,71
24,50,62
25,50,77
19,32
24,25,29,32,39,40
42,43
19,41
50,56
11,37
5,6,8,29
30,50
0,4,18
25,32,56
11,46
82,97
27,63
0,55
0,1,7,11
1,22,28,66
24,29,66,72,83
56,59,60
21,27,31,35,72
22,24,25
29,109
23,38
60,87
0,1,2,3,4,5,6,7,8,10,11,13,15,16
3,4,5
33,70
1,10
23,24,25,32
19,38,52,56,57,62,63,70
1,5,7,8
1,2,5,7,8,9,12,17,37
25,75
42,43,60
0,1,3,4
23,25,32
10,95
27,29,31
1,37
0,1,3,13
33,45,63,87,89
16,35
25,29,32
0,1,3
1,5,13
5,7
1,6,8,24
26,27,28,29,30,31
45,89
46,54
56,89
49,50
38,50
57,63
1,5,6,7,16
97,108
6,8,40
38,68
21,45,89
29,62,75
20,25,77
27,49
63,70
5,6,7
0,4,13
23,25,32,38,52
12,15
19,63
71,101
63,70,89
4,20
23,25,32,46,52,77,88,90
63,106
21,100
1,5
60,91
4,38
33,74
34,39
1,14
13,16
6,25,92
23,25,32,39
23,32,85,88
24,25
16,21
2,77
56,57
22,24,25,27,28,29,30,31,32,34,49,50,52,66,69,72,75,77,83,84,85,99,105,109
44,101
20,23,25,32,56,57,63
33,54,61,67
5,6,7,8,23,24,25,29
21,38,41,63,80,100
22,27,52
29,39,69
21,41,45,52,67,71,86,88
19,56,57,63,70,91,93,95
25,77,85,88
45,63,70,73,87,89
45,46,89
67,81
0,1,4,5,7,10,13
8,13
38,63
7,57
8,22
27,35
0,18
11,18
30,31
25,32,37
8,40
1,11,12,37
19,23,38,56,57,63
63,74
29,72
30,49
6,24,25
21,27,35
32,38,56,57,63,68,70,91,93,95
19,38,56,57,63,68,79,80,91,95
0,1,7,10
1,4,5,7,10,13
20,32
6,19,23,25,38,41,48,56,57,63,77
25,72,109
52,56,58
31,32
21,90,100
24,25,32,39,40,63
25,56
24,27,34,69
41,54,67
1,9
3,4,13
33,78
32,38,52,79
1,18
22,41
33,87
22,50
0,3,7,10
52,91
25,28,72,77
42,43,59
44,45,46,89
15,20
45,70
1,2,5,7,8,9,17,18,37
5,6
6,8,12
8,29,39,40,63
97,98
7,43
38,52,68
15,56
6,29,62
0,4
89,94
8,17
29,35,39
27,30
0,13
30,35
20,55,77
25,32,41
25,72,77
21,63
6,7,8,29
63,87
41,50
44,46
6,92
4,10
28,29,32
20,23,41,49,56,72
21,90
39,40,63,96
52,68
33,45,63,70,73,74,87,89
25,32,41,77
41,77
1,4
42,43,56,57
1,6,7,8
0,1,4,13,18
22,36
1,13
24,32,52,62
7,15,71
25,69
19,56,57,63,70,93
5,8,39
56,68,91,95
1,5,8,37
22,67,84
5,7,92
22,72
7,11,46
34,72,109
23,32,81,85,88
5,6,7,8
0,1,2,3,4,5,6,7,8,10,11,15,16
24,38,68
70,76
7,38
8,60,65
1,6,7,19,23,32,38,41,52,56,57,62,63,88
18,56
0,8
7,56
11,17
29,62
6,8,23,25
0,4,7
0,35
63,73
56,58,81,88
6,69
29,31,39,40
45,46,73,74,89
4,5
33,41
5,6,8,23,24,29
62,86
22,25,27,28,29,32,50,66,69,75
8,34,39
41,63
52,72
33,63,70,87,89
44,45,46,61
0,3,4,13
22,31
54,100
6,23,37,38,41,55,56,57,58,63,67,76,77,85
74,87
17,24,25,29,32,37,39,50,66,69,77,85,105
25,32,50,77,85
0,10,13
27,30,83
7,15
55,64
26,28
2,17,77
15,37
1,7,11
70,80
6,23,25,32,41,52,77
0,3
29,39
8,16
77,88
70,89
11,12
2,5,9,17,37
19,25
29,66
25,32,40
17,37,50,67,76,77,81,85
29,75
62,72
63,73,74
25,32
4,9
0,1,3,4,5,7,10,11,13,15
44,45
25,41
33,45
44,54
21,80
3,13
33,63
28,50,72
0,1,4,5,13
28,30,75
66,69
24,25,32,39,40
29,39,40
32,76
4,7,15
32,85
7,10
43,94
56,60,91,95
1,6,7,10,11
21,45,46
1,2,5,7
16,21,35
34,39,40,96
32,57,63
8,29,40
55,77
11,20,57,101
42,43,56,59,60,91,95
7,37
29,34
68,70,89
8,11
0,1,3,4,13
0,7
31,49,99
6,24,25,29
11,16
6,50
29,52
1,2,5,6,7
50,84
24,41,50
1,29,39
1,2,8,17
43,56,71
22,52,66
22,41,52,62
0,1,3,4,13,20
5,7,23
2,34
11,101
62,85
32,45,63,64,70,73,74
81,98
3,8
42,56,60,68,95
54,90
22,28,36,50,72,84,85
21,45,70,87,89
32,62
22,50,84,85
6,24,25,32,39
1,3,4
22,24,29,31,62
43,71
1,6,37
44,45,46,87,89,100
21,33,45,70,74,87,89
0,1,2,4,5,7,8,9,10,11,13,15,16,17,18,37,92
29,31,40
6,8,23
19,23,38,41,48,56,57,58,63,67,70,76,77,81,82,85,93,103
15,18
36,50
29,39,72,109
8,29,39,40
1,92
1,101
0,2
6,8,29,39,40
8,17,24,25,29,32,37,39,50,66,69,77,85,105
5,6,8,17,23,29,39
21,46,100
43,56,57
27,86
10,15
22,41,52
19,38,56,57
2,29
54,67
54,76
0,38,79
70,73,87
25,40
0,3,5,7,10
5,23,29,39
42,43,58,59,60,91,95
38,68,79,80
22,25
43,57
32,57
30,35,83
25,56,63
32,66
31,39,40
24,62
32,75
32,63,76,77,85,88
28,41
19,38,56,57,63,70,91,95
68,95
6,22
0,5,7,10
58,60
0,1,4,8,13
38,91
5,6,8,23,29
0,1,4,18
45,63,70,73,74,87,89
38,100
33,42,43
19,23,32,38,48,52,56,57,63
6,40
21,38
45,70,73,87,89
45,63,93
6,7,17,25
4,18,37
24,62,72
6,17,29,39,40
2,6
24,25,32
1,3,4,13
30,86
50,101
62,66
30,35,51
19,95
5,7,13
63,70,73,87
62,75
34,40,96
7,15,37
62,84
32,52
28,29,66,75
43,61
23,92
24,57
29,34,39,40
32,70
24,66
32,52,57,62
33,45,89
56,107
28,36
32,41,85
6,20,23,32,37,38,41,56,57,58,63,67,76,77,81,85
5,6,17,24
1,2,5,7,8,9,12,13,17,37
6,8
6,17
32,63,76,77,85
21,33,45,63,70,73,74,87,89
5,6,8,23,24
0,1,4,13
45,63,70
0,1,2,3,4,5,7,8,10,11,13,15,16,17,37,92
6,23,32,37,41,52,62,67,77,85
58,91
32,38,52
42,43,56,59,60,68,91,95
19,81
8,17,29,39,40
5,7,8
54,57
22,25,52
44,46,54
20,64
24,28,29,32,66,75
19,108
4,56
32,38
1,6,7,8,25,32,52
84,85
72,83
1,41
42,43,56,94
43,56
32,56
22,50,84
0,1,7
8,25,32
43,65
24,52
56,63,70
7,8,11
5,25,29,39,40
4,92
19,24,52,57
56,93
1,68
5,7,10,92
28,31
22,25,27,34,52
76,80
6,22,23,25,32,38,41,52,56,57,63
68,76
17,40
76,89
49,72
46,76
57,76
6,12
28,40
46,94
33,70,87,89
57,94
43,56,59,60
90,100
10,11,18
6,39
79,100
27,62
25,29,32,40
6,8,25,32
43,56,60
20,41
0,5,23,48
2,5
75,84
54,70
23,64
24,29
24,32,66
8,24,37,39
1,4,38
1,36
24,38
23,25,32,38,41,56,57,63
27,29,39
16,43
45,88
42,43,95
1,63
9,13
44,90,100
57,62
0,1,3,48
43,58,93,94
64,82,97
45,106
57,71
6,24,25,32,37,39,50,66,77,85,105
0,1,38
68,80
6,7
38,76
7,70
23,32,63,76,77,85,88
38,85
6,25
15,92
52,62,66
25,32,77,85
28,38,52,66
25,32,39,40
39,40
10,13
23,32
25,32,77
22,24,25,32,52
19,80
19,89
4,37
29,39,40,96
21,39,40
13,15
32,52,62
24,32,52
20,63
0,4,7,10
16,20
0,1,3,7
44,100
27,29,34
1,5,7
32,41,52
6,17,25
0,1,2,4,5,7,8,9,10,11,12,13,15,16,17,18,22,23,25,32,37,38,41,52,56,57,63,69,92
0,1,6
35,51
87,89
22,24,25,28,32,41,52,66
8,9,23
7,11,15,18
1,6,7,12,19,23,25,32,37,38,41,52,55,56,57,58,62,63,67,76,77,81,85
45,74
38,79,80
6,7,8,24,25,32,34,39,40,63
21,35,51
38,62
5,37
0,1,2,4,5,7,8,9,10,11,12,13,15,16,17,18,37,92
26,69
56,58,85
23,81,88
25,62,77
38,80
29,34,40,96
24,25,41,50,77
8,39
27,52
33,70,74,87,89
7,92
19,57
18,92
25,32,63
0,1,4,11,13
82,104
8,66
2,4
4,23
11,71
31,40
5,37,92
31,49
24,32,38
20,40
1,8
1,17
50,76,77,85,88
24,32,56
42,43,58
31,34,40
22,50,52,84
22,24,36,50,84,85
24,28,29,32
7,10,15
23,32,46,64,85,88
6,23,25,32,37,41,52,55,67,88
56,60
13,37
23,25,39
25,91
25,29,39
63,70,73,74,87
0,1,10
6,25,32,66
22,85
5,17,23,29,39
2,6,25,32
5,23
46,61
37,92
38,57
57,70
68,70
33,41,44,53,54,61,67,90
27,29
8,25
5,6,7,48
8,34
56,57,93
1,7,56
44,54,100
19,52
0,48
0,7,16
63,70,87
11,57
28,29,31
4,18
1,7,8,12,17,37
41,67
5,6,9,23
24,28,29,69,75
25,32,85
1,4,5
1,3
28,29,49
1,12
1,5,7,10
45,46
25,77
6,17,25,69
1,6,7,25
44,90
21,40,102
25,86
8,19,23,25,29,32,39,40,62,63,70
42,43,71
45,73
6,23,25,32,37,41,55,62,67,77,85
0,1,5
23,25,52
37,69
66,105
5,9
0,1,2,4,5,7,8,9,10,11,12,15,16,17,18,37,92
7,10,15,92
26,41
29,31,72
5,18
6,8,24
38,52,62
26,50
38,52
57,65
49,52
89,106
1,5,6,7,8,37
8,29
19,57,63
79,80
19,38
29,34,39,40,96
63,70,73
44,45,46
38,56,68
0,7,11
24,25,28,32,62
8,56
29,39,40,63
25,32,62
22,52,84
4,13
11,61
41,62
0,7,29
52,62
29,31,39,75
21,35,51,83
31,39
21,102
1,7
42,43,56,60
1,6,7,11
25,63
1,4,18
33,76
1,16
39,40,96
42,43,57
6,37,50
6,24,25,29,32,39,66
13,18
34,50
10,92
22,32,50,52
56,68
22,66
35,39,40
22,75
19,56,57
22,84
5,13
7,32
0,1,2,4,5,7,8,10,11,13,15,16,37,92
1,7,10
7,29,39,40
5,23,39
4,79,80
24,33,41,46,61
7,43,56
0,11
17,24,25,29,32,39,50,66,69,77,85,105
8,24
19,24
11,20
7,16,20
32,56,58,81,85,88
32,38,56,79
31,39,40,96
63,76
0,38
21,70
25,32,57
29,83
20,25
4,8
25,32,66
52,57
1,5,6,8
41,66
52,66
4,13,18
1,2
1,4,7,13
62,107
1,4,13
1,11
41,84
3,4,15
52,84
4,10,92
44,71
33,89
22,52
5,8,37
25,85
37,50
45,63
56,63
2,92
19,23,32,38,52,57,62,63,70
1,6,29,39
26,31
21,32,38,41,56,57,63,68,80
5,23,25
18,36
70,74
26,49
0,3,4
6,23,25,32,37,41,52,62,67,77,85
8,17,92
1,5,6,7,8
0,3,13
17,77
6,17,28,69
15,58
22,24,25,27,28,29,34,66,69,75
27,32
11,15
25,32,41,77,85
0,1,3,5,7,10
8,37
7,12,17,29,34,39
11,33
32,77,85,88
29,69
6,22,52
25,32,52
24,41,67
0,7,10
29,34,72
0,23,38,52
41,52
29,87
40,96
25,38,39,56,57,63
6,25,66
52,70
20,70,76
22,29
21,45,70,89
1,6
25,62
0,1,4,5,7
5,8,23
34,40
21,35,40,63
34,49
32,41,67,85
41,44,67
56,58
23,52,57,63,85
0,10,11
29,31,39
32,88
6,23,25,32,37,41,52,67,77
22,24,50,52
7,13
1,5,7,8,9,12,17,37
50,84,85
6,17,85
1,5,6,7,8,13
28,72
0,1
70,87
8,14
6,8,24,28,29,32,75
0,10
21,35,102
0,19
21,51
6,62
45,63,106
56,68,91
5,8,23,29,39
50,105
41,47
39,40,63
1,5,6,7
6,25,32,37,41,52,67,77,85
52,56
25,39
33,43
0,1,3,4,13,32
1,6,13
33,61
22,24
10,59
44,45,46,54
25,66
74,89
66,85
7,8
