0 1024 1025 1038 540 543 550 558 572 573 64 579 68 591 596 1117 620 636 1662 1664 1666 1667 1669 649 659 660 666 166 685 1710 1711 1713 690 693 1718 1719 696 1721 189 701 703 704 707 719 720 721 722 724 213 725 238 254 264 779 780 782 787 788 790 799 800 293 297 301 306 313 316 833 325 846 850 854 348 354 867 357 358 884 376 888 378 382 896 897 391 903 400 411 935 939 941 450 460 976 467 1491 1492 1494 984 473 474 1000
0 1024 896 1025 382 391 264 649 779 780 1675 1038 400 660 411 540 799 800 543 293 166 550 935 297 939 301 685 941 1710 1711 306 690 693 696 313 316 573 701 833 450 579 68 325 719 976 81 721 467 596 724 725 850 984 473 474 1237 354 867 376 357 358 1000 620 884 888 378 636 254
1363
1364
1365
1366
1367
1368
1369
1039
1370
1040
1371
306 579 1372
1041
1043
1044
1045
1046
1399 1607
1047
1609 1398
1609 1396
1609 1395
1609 1397
1048
1415
1422
1421
1418
1417
1420
1419
1401
1402
1403
1404
1405
1406
1407
306 403 37
306 979 38
306 981 39
40 306 584
41 306 586
42 738 306
306 43 741
1408
1409
1410
1411
1412
1413
1414
306 403 44
306 979 45
306 981 46
584 306 47
48 306 586
49 306 738
50 306 741
576 61 720
576 722 61
576 61 720
576 722 61
73 579
1050
576 98 579
1051
1052
1053
118
117
110
122
112
127
113
125
114
107
121
124
576 732 111 720
576 129 732 720
1055
128 576
306 102
1609 1430
1609 1425
1424 1609
1609 1426
576 722 141
576 722 140
576 722 134
576 145 722
576 722 135
576 722 150
136 722 576
576 722 148
576 137 722
232 722 576
144 722 576
576 722 147
576 665 736
576 665 395
576 665 334
576 665 404
576 665 333
576 665 713
576 665 930
576 665 770
576 665 590
320 665 576
576 665 592
357 757
306 579 1436
1063
1057
1609 1692 1527
1059
579 806
200 579
1609 1437
306 579 1437
1064
184 722 576
1433 1607
1060
579 387
1061
576 190
871
306 979 197
197 306 981
584 306 197
197 306 586
197 306 741
306 738 197
306 403 197
306 197 394
306 197 743
579 732 207
443 1015
12
1372
290 579
251 158
159 579 719
1431 1607
1058
210 213
213
315 213
213 613
737 213
396 213
213 405
928 213
357 149
1440 1607
1067
211 357 719
1068
1441
274 213
576 237 573
306 213 582
306 357 813
1609 1443
1070
1069
1609 1445
1072
217 306
993 1001
1444 783
1071
306 221
213 543
576 852 78
208 306
576 852
225 579
995 1014
1446 783
1073
783 1447
1074
1448 1607
1075
226
315 467
467 613
737 467
467 396
467 405
928 467
810 467
898 467
197 213
579 230
1449 306 579
228
264 228
351
579 227
251 230
576 404 807
576 713 807
576 930 807
576 770 807
576 590 807
576 739 807
576 746 807
284 357
208 306 357
1077
231
1439 1607
1678 1439
1066
576 579 235
161
348 540
576 234 579
1451 1607
1078
306 267
267 573
267 635
264 576
306
306 235
579 235
1452 1607
1079
306 236
245 863
306 579 1453
1080 1607
579 243
234 836
306 286
397
32
301 573 623
579 219
579 269
1609 1465
579 269
1465 1607
579 270
1609 1466
579 270
1609 1466
579 270
1466 1607
579 268
241
579 246
1464 1607
1082
404 14
713 21
930 20
16 770
590 15
18 739
17 746
216 721 807
244 1215
579 247
0 249
250 306 582
179
251 357 719
1455 1607
1083
579 255
306 579 1459
306 253
1087
198
254
850 253
251 254
850 254
306 955 254
1458 579 306
1458 1607
1458 1678
1086
576 551 720
464 719
769 579 719
579 211 719
721 579 211
721 579 814
314 579 719
258 306
259
576 579 261
579 260
1461 1607
1089
262
306 579 1460
1088
1462 1710
1462 1718
576 722 711
576 214 720
263
272 579
273 579
273 579
673 668
674 668
672 668
668 671
224
306 223
264 196
64 264
250 579 719
267 579
346 579
834 579
1090
1091
306 579 271
274 836
348 540
576 53
808 254
275 579
576 306
579 276
265 13
556 406
980 556
556 982
585 556
587 556
556 740
556 742
579 406
579 980
579 982
585 579
579 587
579 740
579 742
576 207 720
576 722 182
288
468 292
488 292
292 861
306 579 1470
1094 1158
1469 1607
1095 1607
291 1607
1468 783
1093
306 579 1467
1467 1607
288 1607
1092
246 1471
576 293
1471 1607
753 1471
294
352 306 301
306 956 293
306 579 1471
293 1607
1096
721 302 807
296 579
1472 783
1097
297 579
1609 1473
306 579 540 301
306 724 301
297 306 957
1473 306 579
1473 1607
1098
299 306 579
1099
576 301
331 301
306 301
301 853
708 301
499 301
732 301
301
251 301
306 301 958
306 579 1475
1475 1607
1100
300 572
293 903
304 721
576 306 579
306 579
306 836
239 1607 807
1456 1607
1084
579 309 719
721 579 309
706 702
576 573 311
312 576 573
579 773
576 317 720
576 722 317
1476 1607
1101
264 441 68
213 318
306 579 1478
1103
1477 1607
1102
576 322 573
576 323 573
706 1027
325 1607
1104
1636 13 1607
580
325 1678
328 306 576
1105 1607
1480 306 579
1481 306 579
1106 1607
576 329 306
576 330
356 306 724
306 579 540 582
306 724 335
306 579 332
332 1607
1107
1482
337 579
579 343
579 342
339 579
338 579
579 341
579 340
576 722 829
576 366
306 164
264 780
264 788
264 782
264 790
306 579 1483
1108
306 579 1484
1484 1607
1109
347 719
348
156
348
1485 783
1110
576 732 350 720
351
351 1607
902 1486
1111
1633 306 579
1488 1609
1609 1489
1609 1490
1609 1491
1609 1492
1609 1493
1609 1494
1715
1716
1717
1718
1719
1720
1721
576 1487
1112
355 579
1114
1113
1495 1607
1115
1497
306 579 358
358 1607
1116
1498
1499 1787
306 579 1500
306 579 359
306 579 1499
364 468
488 364
364 861
1502 1607
365 1607
306 579 1501
1120 1158
1119 1607
248 579
579 573
368 576 732
264 368
369 308
369 306 357
372
369 375
372
306 357 370
1504 306 579
1504 1607
1122
306 579 1503
1503 1607
520 1503
370 1503
1121
579 213 734
576 579 373
1505 1607
1123
306 357 374
306 579 1506
1506 1607
932
588
748
1024 306 579 540
1507 1692 1607
377 306 579
306 579 378
1125
1508
377 1215
1124
978 379
1777 1509
1126
576 380 582
1510 1607
1127
579 381
579 382
306 579 1511
1128
581 231
576 157
579 383
306 382 959
306 579 382
1512 306 579
1129
382
576 707 732
576 732 854
576 385 579
385 579
385 573
1513 1607
1130
306 355
306 399
1628 1607
1238
579 253 467
576 386 579
306 389
1514 1607
1131
1 306
2 306
306 3
306 4
306 5
306 6
306 7
1457 1607
1085
1132
579 22
576 36
35
1400 306 579
1042
376 761 576
376 762 576
376 576 763
376 576 764
376 576 765
376 576 766
376 576 767
576 579 391
871
306 356 390
579 349
1133
1134
400 576 579
576 401 579
1518 1607
1135
1136
306 59
1416 1607
1049
58 306
457 579 783
60
408 306
1137
1521 1607
1138
24 579
29
30
412 783
1139
1522
23 719
576 25 306
27 579
345 719
732 414
576 722 28
852 302
576 722 415
424 306 543
576 417 722
576 745 419
576 877
11 579
420
420
853 421
708 421
499 421
579 421
344 719
576 34 579
160 193
425
576 426 722
576 426 720
248
55
104
1140
1524 1607
1141
576 33 722
576 33 720
576 33 722
433 627
576 578 720
264 83
435 707
707 1526
64 435
64 1526
1143
1526
1142
579 422
248 579
576 31 720
1144
1145
1528 1607
306 437
576 722 62
66
1530 853
1530 708
1531 1604
952 438
1604 1533
721 883
1753 1607
1315
923
449 306
1146
1147
178 719
306 453
453 807
1537 1607
1148
579 454
456 722 576
576 852 501
306 455
457 579 719
576 931 720
576 722 931
576 929 720
576 929 722
576 917 720
576 722 917
576 947 720
576 722 947
576 918 720
576 722 918
576 950 720
576 722 950
576 720 919
576 722 919
576 949 720
576 722 949
576 916 720
576 722 916
576 319 720
576 722 319
576 934 720
576 722 934
576 948 720
576 722 948
306 579 1540
1499 1541
1794
1538 1794
1794 1539
1016
109
119
123
115
116
130
120
126
57
194
404 638
713 639
590 638
640 713
576 458 722
306 579 1542
89
26 885
579 460
480 579
576 722 461
462
1544 1607
1152
1545 306 579
1153
1154
1546
466
466 579
1547 807
1155
579 395
579 404
713 579
930 579
770 579
579 590
736 579
579 396
579 405
928 579
579 932
810 579
579 588
898 579
579 748
579 613
737 579
306 1516 357 1607
306 1519 357 1607
306 1778 357 1607
306 1779 357 1607
306 1612 357 1607
306 357 1613 1607
306 357 1694 1607
306 357 1607 1695
1617 306 357 1607
1696 306 357 1607
576 467 720
576 722 467
604 719
1156
1548
572 469
472
873
472 579
498
306 471
470
473 821
576 1560 853
576 1560 708
488 634 732
488 732 710
488 732 463
488 321 732
488 915 732
306 579 1549
1549 1607
473 1607
1157
1549
306 579 1551
1159 1607
475
1552 306 579
1160 1607
468 476
488 476
476 861
477 1607
1554 1607
1553 306 579
1162 1158
1161 1607
474 468
306 579 1550
1158
468 478
488 478
861 478
1556 1607
479 1607
579 306 1555
1164 1158
1163 1607
480 468
480 488
480 861
306 579 1557
1158 1151
1543 1607
1165 1607
460 1607
481 468
488 481
481 861
1559 1607
482 1607
306 579 1558
1158 1167
1166 1607
1692 1549 1607
576 580 166
576 166 728
473 106
579 899
576 489
722 485
576 722 867
576 867 720
0 689
576 306 487
576 487 720
576 722 487
576 187
490 756
1560 1607
1168
489
499 707
64 499
465 306
496 579
844
306 495
1562 1607
1170
1563 1607
1171
1561 783
1561 783
1169
0 579
489 306 935
1172
1564 1607
579 499
1565 1607
1173
1174
1566 1607
516 213
1609 1567
576 450 500
1175
544
555 579
1609 1598
404 556
713 556
930 556
770 556
556 590
739 556
746 556
1568 306 579
1176
721 556
556 853
708 556
556 63
1569 306 579
1177
306 579 1570
1178
579 306 1571
1179
306 579 1572
1180
579 556
546
576 545 722
579 517
721 507
579 507
1573 807
1181
1576 1609
1184
1183
511
513 719
512
1579 1607
1187
1578 1607
1186
1577 1607
1185
306 509
1575
681 579
1006 535
1580 783
1188
1581 1607
1189
576 1024 500
306 579 1574
1574 1607
1182
807 1583
1191
1582 783
1190
719 501 807
0 518
489 306 518
1192
521 579 719
523
306 522
579 525
579 525
579 527
1193
466 540
531 721 579
529 579
579 732 533
306 846 543
576 908 720
884 935
306 564
558
536 213
1609 1586 853
1587 1607
1195
558 807
310 807
185
538
1588 1607
1196
240
617 1006
508 1006
530 1006
1198
1589 1607
1197
306 579 1586
1586 783
1586 1607
1194
310
576 306 500
306 724 543
960 306 540
306 579 1591
1199
514 719
306 543
1592 158
306 382 543
576 543
721 579 543
579 540
1609 1591
579 540 836
542
576 722 251 540
576 722 548
961 306 543
1592 306 579
1592 1607
1592 1678
1200
576 549
1202
1594
213 550
579 306 1595
1595 1607
1203
306 579 1598
1206
306 579 1599
807 1599
1207
1597 1607
1205
553 719
306 554
306 554
719 550 935
576 549 720
576 722 549
1600 1607
1600 1678
1208
557 853
708 557
557 63
1204
553
553 306
579 651
579 711
962 306 550
1593 1607
1593 1678
1201
525
576 306 562
306 563
561 579
576 722 564
306 579 540 1030
1209
721 194
537 306
576 722 526
579 565
579 502
1568 1609
579 503
1609 1569
506 579
1609 1572
504 579
1609 1570
505 579
1609 1571
627 566
572 567
306 570
1602 1607
1210
579 574
897 306 572
1211
576 722 571
572 580
1609 1604
306 579 572
306 579 1604
1212
306 547 550
579 573
579 573
579 527
306 573
576 579 573
1213
573
576 579 575
836 575
1606 1607
1214
1606
539
515
1609 1590
1218
1217
1609
732 581
581
1219
1216
1608
576 206 720
576 142 720
576 146 720
576 138 720
576 139 720
152 576 720
576 143 720
576 149 720
108 719
168 745
1427 1607
1054
579 356
264 583
583 695
1222
1223
800 579 493
306 595
306 606
242 652
242 602
242 802
242 532
170 306
536 306
306 675
306 494
1617 1607
593 306 579
593 1607
1224
579 598 719
579 597
306 963 596
306 579 1615
1607 1615
1225
600 579
601 579
816 579
162 306
605 1607
1226
167
192 306
732 423
1429 1607
1056
608
576 608 720
576 722 608
721 605
306 605
605 903
622 543
579 612 719
1227
611 213
612 836
576 577 853
576 577 708
576 577 63
579 847
1228
1618
1215
67 629 630
473 468 629 630
473 468 629 631
576 631
576 468 632
576 633
616 721
348
579 615
616
628 382
184 576 720
184 722 576
1619 1607
1229
832 540
459
576 54
251 620
620 306 964
306 579 1620
1620 1607
1230
579 623
579 623 719
1231
576 624
1622 1607
1232
1678 1623
626 579
306 626
1233
1624 1607
1234
627
576 578 720
99 719
99
72 579
579 132 213
1625 306 579
1235
306 579 638
306 579 1627
721 29
576 722 51
576 209 665
576 665 213
376 637
641 579
579 287 783
576 103
306 579 1626
1626 1607
636 1607
1236
853 645
708 645
1629 1607
1239
1785 1499
648 579
1609 1630
579 199
1062
1435 1607
1065
1438 1607
576 711 720
576 722 711
201 579
647 579 719
576 646 720
576 647 720
648 1607
1240
1630 1607
644 719
644 853
171 543
649 306 965
306 579 1631
1607 1631
1241
572 711
306 579 653
1117 1222 1215
1242 1222 1215
657
306 658
306 579 652
1632 306 579
576 736
576 166 264 744 719
1634 1607
1244
656 986
1609 1388
1609 1394
1609 1393
1609 1390
1609 1389
1392 1609
1609 1391
1609 1374
1609 1375
1376 1609
1609 1377
1609 1378
1609 1379
1609 1380
1609 1381
1609 1382
1609 1383
1384 1609
1609 1385
1609 1386
1609 1387
56 579
579 94
579 93
579 71
579 70
80 579
579 79
784 37
785 38
786 39
40 787
41 788
42 789
43 790
784 44
785 45
786 46
787 47
48 788
49 789
50 790
579 37
579 38
579 39
40 579
41 579
42 579
43 579
579 44
579 45
579 46
579 47
48 579
49 579
50 579
721 884
576 660
306 660 966
306 579 1636
1636 1607
660 1607
1245
662
1637 1607
1246
697 719
576 665
264 666
663 719
1638 1607
1247
213 579 549
668 213
1641 306 579
1250
306 579 1642
1251
579 306 1643
1252
306 579 1644
1253
1640 306 579
1640 783
1249
1607 1639
664 1607
1248
576 522 676
677
1646 807
1255
679 719
783 1647
1256
579 678
1645 783
1254
75
692
817 579 734
666 197
379 683
1672
1672
1673
1609 1675
1609 1676
1672 1609
1609 1671
1609 1670
1609 1667
1664 1609
1609 1675
1609 1669
664 719
664 853
664 708
664 719
664 721
576 484 77
88
1648 1607
681 1607
1257
1258
1649
376 576 76
306 579 685
306 579 1650
1259
580 685
580 685
189 583
306 579 1653
1262
306 579 1652
1261
688 952
952 687
306 685 967
579 306 1651
1260
576 1654
1263
1654
306 579 1654
413
579 691
74 579
1264
1607 1655
1265
1609 1675
1609 1666
1672 1609
1609 1665
1609 1674
1609 1663
1609 1674
673 579
674 579
672 579
579 671
579 670
1666
1665
1662
1668
672 807
671 807
670 807
576 694
1657 1607
1266
903
696 1607
1658
579 677
1659 783
1268
679
1658 1607
1267
720 698 629
353 654
353 642
353 804
306 579 1660
1269
376 576 702
576 706 701
576 573 702
579 132 693
664 732
576 705 306
991
1672 991
378 700 367
576 306 699
576 722 709
306 579 1661
1270
579 188
579 686
721 693
576 693 720
680 579
579 732 203
1271
1677
216 579
1273
1679
579 719
576 708 720
576 853 720
576 708 720
576 63 720
576 853 720
576 63 720
306 719
579 719
576 722 853
576 722 708
576 722 63
721 579
306 436 724
722 719
306 579 836 718
716 1607
1272
306 522
306 1002
336 306
442 306
306 407
306 451
306 398
306 388
1274
1680
576 720 728
306 579 725
725 1607
1275
1681
1681 306 579
576 306 727
579 727
579 727
1682
1682 579
1276
579 723
576 306 726
726 431
576 856 836
1684 1607
1278
1685 854
576 730 854
707 1685
576 730 707
729 1685
1279
720 732 728
728 722 732
1280
1686 1607
1277
1683
579 452
579 1030
1800 1609
579 623
1609 1621
579 428
1609 1523
1536 1609
579 1013
1609 1793
579 399
1609 1517
355 579
1496 1609
449 579
1609 1535
579 389
1609 1515
267 579
1609 1463
408 579
1520 1609
579 564
1601 1609
579 635
579 430
579 1031
579 573
1609 1605
376 579
579 411
579 430
579 1031
579 573
400 579
376 579
579 391
306 579
450 579
1024 579
579 635
579 411
579 573
576 729 720
1684 854 1607
707 1684 1607
1689 306 579
1690 1499
1691
1691 1687
1688 1691
860 213
731
1008 519
289 1006
528 1006
1283
1282
1692
576 734
357 78
753 331
1284
1285
1286
627 493
576 306 743
594
576 722 749
576 665 667
750 543
264 81
264 82
576 101
732 84
306 579 84 719
576 755
732 85
306 579 85 719
579 751
576 151
732 86
306 579 86 719
607
576 752 722
560 665 576
576 753
1697 306 579
1287
1698 1607
1288
755 820
760 807
576 758
721 579 87
153 357
19 579 719
576 722 19
761 306 579
762 579 306
306 579 763
306 579 764
306 579 765
306 579 766
306 579 767
1706 1607
1289
576 722 732 798
768 306 357
306 252 772
761 579
1609 1699
762 579
1609 1700
579 763
1609 1701
579 764
1609 1702
579 765
1609 1703
579 766
1704 1609
579 767
1609 1705
1001 1011
952 774
568 774
579 326
97 579
852 357 719
719 775
732 775
456 806 719
579 775
776 306 579
777 306 579
778 579 306
579 306 779
306 579 780
306 579 781
306 579 782
1609 1714 1692
1290
174 719
1632 1711
1632 1713
466 306
920 306
306 874
852 357
784 306 579
785 306 579
786 579 306
579 306 787
306 579 788
306 579 789
306 579 790
516
154 719
507
154 306
579 195
90 579
89
500
306 579 791
792 306 579
793 306 579
794 579 306
579 306 795
306 579 796
306 579 797
579 791
1609 1722
792 579
1609 1723
793 579
1609 1724
794 579
1609 1725
579 795
1609 1726
579 796
1609 1727
579 797
1728 1609
337 556
556 343
556 342
339 556
338 556
556 341
340 556
800 306 579
1730
251 799
968 306 799
1729 1607
1291
1656 1609
1731 1607
1293
306 579 1731
1609 1699
1609 1700
1609 1701
1609 1702
1609 1703
1704 1609
1609 1705
1609 1707
1609 1708
1609 1709
1609 1710
1609 1711
1712 1609
1609 1713
1609 1715
1609 1716
1609 1717
1609 1718
1609 1719
1720 1609
1609 1721
1609 1699
1609 1700
1609 1701
1609 1702
1609 1703
1704 1609
1609 1705
1609 1707
1609 1708
1609 1709
1609 1710
1609 1711
1712 1609
1609 1713
1609 1715
1609 1716
1609 1717
1609 1718
1609 1719
1720 1609
1609 1721
676
579 181
809 579
306 163
306 811
1732 1678
1294
720 812
357 852 485
579 852 853
579 820
579 823
239 815
1296
814
1733 1678
1295
180
579 356 783
176 576
306 734
817 902
818 579
306 820
306 807
858
65
376 382 175
819 719
576 819
732 822
499 822
576 824 732 720
1607 1735
1297
306 579 852
1736 1609
1298
825 306 550
306 491
826
579 827
306 179 301
579 828
306 579 540 483
831
833 467
1738 579 306
1300
833 306 969
1737 306 579
1737 1607
1737 1678
1299
306 859
1739 1607
1301
890 783
576 837
576 838
576 839
576 840
576 841
576 842
576 843
155 543
1302
579 845
1609 1740
337 884
884 343
884 342
339 884
338 884
884 341
884 340
817 807
213 807
1609 1770
576 306 771
753 1741
251 846
306 579 1741
1741 1607
1303
235 807
386 807
570 807
410 807
626 807
429 807
1032 807
579 732 847
848 306
1304
1742
849 306
306 851
1306
1744
850 579
1305
1743
576 239 783
807 1023
576 1018 732 720
1745 1607
1307
732 854
707 732
1308
1746
719 855
413 614
857 306
306 858
579 859
1609 1747
1309
306 867
392 177
432
306 866
306 862
872
864
1310
1748 1607
448 643
865
306 579 1749
1311
870
306 868
1312
1750 1607
869
952 239
568 239
952 522
568 522
336 952
336 568
952 1002
568 1002
576 306 484
576 484 573
376 576 484
576 1024 484
871
859
579 191
67 579 909 306 914
579 909 306 914 468 473
579 910 306 914 468 473
576 910
576 468 911
576 912
874
576 579 900
896 306 579 573
579 875 732
876 719
783 1751
1313
913 382
579 891
891 251
882 887
576 572 893
576 409 722
569 722
881 306 579
880 707
1314
1752 1607
576 251 615
576 306 884
884 213
883
884
306 971 884
970 884 306
1754 1607
1754 1678
1316
579 204
904 579
905 579 719
91
440 719
473 878
576 105 722
889 306
906 382
1755 1607
1317
1318
1756 1607
1319
1757
1320
1607 1759
1321
251 907
897 213
897 213
1760 306 579
897 1607
1322
265 846
576 733
1693 1607
579 908 719
721 579 908
1475 902
306 357 901
92
1761 1607
902 1607
1323
853 902
1565 902
902 1639
306 357 902
1324
1764 902
1762 783
306 579 1763
1325
576 722 895
306 579 1759
931
263 719
874 501
924
1326
1765 902
1327
1764 1607
251 732 925
306 579 1766
1328
1329
579 939
444 213
445 543
445
576 722 446
447
306 655
1531 439
1533 439
921
720 721 1607
579 933 903
579 686
952 580
1772 1607
1334
1768 306 579
1330
304
941
941 719
941
1332
579 803
306 972 941
1769 306 579
941 1607
1769 1607
1769 1678
1331
943 1607
1333
416 576 456 722 306 629
1033 859
457 1033
576 946 707
707 1774 1607
64 946 576
64 1774 1607
1336
1335
944 306
944 807
452 693
936 306
937 306
576 73 172
413
306 437
576 722 951
954 579
954 579
507 1006
953 579
1609 1775
783 1775
1337
976 579
131 884
624 884
131
976 306 973
1776 1607
1338
576 69 720
1777 306 579
1339
1340
1341
1342
1780 1607
306 579 1781
1343
1344
264 722 984
1609 1692 1782
1784 1609
1346
984 251
984 306 974
1607 1783
1345
576 939 239
122 988
306 36 998
1609 1789
1609 1786
1347
994 579 719
993
993 122
993 783
576 1024 218
993 996
306 997 542
306 254 999
576 992 722
1000 579
627 493
1609 1787
1788
1348
1006
1007
1609 1791
1350
579 1006 719
1009 719
1351
1609 1790
1349
1005 543
1792 1609
510 1006
576 579 1021
306 1010 255
579 987
0 1004
990
306 199 999
579 1012
200 306 999
306 1013
1352
579 989
1001 1003
264 1017
603
576 1017
1018 836
579 1019
1795 1607
1353
1021 719
1354
1796
579 732 1020
579 1023
573 1023
1797 1607
1355
986 579
1025 251
1025 306 975
306 579 1798
1798 1607
1356
132 254
576 706 983
1034
579 1028 719
1607 1799
1357
1799
1358
836 1028
1032 579
1801 1607
1359
1035
536
306 1036
306 1037
1803 1607
1361
1802 579 306
1802 1607
1360
306 579 1038
1038 1607
1804
306 579 1804
1362
