579,728
147,576
1702,764
576,430
820,790
697,1659
234,437
239,286
904,905
1580,1188
623,626
413,853
103,102
356,53
1694,1704
212,274
239,636
239,407
1706,1714
940,720
319,107
1489,1716
439,438
128,576
442,443
239,1804
576,443
474,166
852,1775
1733,1295
504,45
866,626
1731,1599
158,576
493,566
1680,1782
239,649
579,983
576,685
356,416
576,1624
1586,1194
576,806
1371,1040
612,234
1716,1489
576,1745
720,935
197,665
1528,1145
81,719
73,306
807,301
913,468
118,722
176,175
267,293
286,306
1767,1777
356,550
161,540
1482,332
427,430
100,72
647,470
1731,807
807,422
576,1
237,306
894,576
1570,1384
902,925
544,722
356,900
239,86
1780,1342
450,306
1723,579
852,57
721,540
807,543
332,1482
576,122
903,251
239,1025
316,720
545,543
267,306
716,1593
807,1711
356,1021
395,720
720,251
1599,1388
1454,246
576,243
480,306
719,551
144,320
1690,1691
341,376
1430,1057
1705,767
894,1757
1475,1473
375,374
807,785
1392,1704
91,615
504,784
980,713
503,788
239,449
247,81
813,721
720,264
935,189
807,677
1013,1011
199,269
239,570
208,210
559,962
576,377
1710,306
1632,652
718,726
576,1545
896,732
1384,1718
219,224
976,203
1013,1024
576,1666
576,1437
786,981
1164,1607
579,688
852,783
1731,1425
576,390
884,506
820,979
910,909
239,704
576,1558
1508,306
1589,1197
1459,1087
576,740
411,407
1715,784
1721,306
239,825
357,817
649,171
117,576
995,579
356,592
576,861
579,112
854,576
592,576
721,461
726,576
812,579
817,694
550,579
1396,1044
525,522
1607,1493
356,713
576,982
929,117
576,753
805,576
409,576
722,807
543,576
53,941
1025,579
763,579
807,356
1457,1670
1018,576
976,579
580,579
754,1698
318,579
576,874
579,125
1367,1632
531,579
686,187
355,353
398,952
576,995
517,1583
1721,790
413,708
807,369
903,306
288,1467
487,364
807,1766
951,239
1623,1571
807,719
550,834
724,721
536,670
716,1769
671,306
576,1237
571,893
239,154
1020,719
579,488
1630,648
804,606
413,721
810,357
719,727
153,87
820,550
329,1481
262,259
239,275
820,1718
25,23
701,306
835,306
649,1607
253,1607
922,719
576,82
746,722
484,722
267,724
738,80
579,730
1699,761
1761,1639
720,440
720,211
685,1651
1405,1711
1439,1066
1769,941
181,576
576,1600
1517,1134
500,558
238,329
1778,1700
293,753
234,1607
576,553
796,556
1391,1705
576,1721
239,638
576,1492
473,576
940,722
35,579
169,579
356,176
660,1607
1802,1360
207,53
644,579
248,579
382,579
576,1613
1613,1609
241,576
1731,1601
199,579
457,874
267,979
1430,1609
724,400
454,576
674,579
1731,1722
571,572
1003,0
1006,500
1381,1609
378,702
9,576
625,579
788,48
543,1678
820,0
1583,1191
807,1458
1622,624
1436,1437
689,685
673,1643
1411,1609
807,411
1598,1206
719,69
1539,1794
1000,991
122,722
1724,793
356,660
1624,1609
552,306
579,180
766,6
854,644
1466,1666
243,719
1658,1607
765,306
369,306
503,306
1036,1035
1607,1790
807,1471
576,821
813,239
331,724
852,167
978,306
807,653
807,424
576,3
552,1595
589,467
267,416
919,113
807,1592
533,306
807,545
96,719
316,722
440,1017
746,306
116,139
589,588
88,306
807,1713
309,719
395,722
1599,1390
1702,579
301,306
695,1657
807,666
576,245
320,319
839,884
820,376
1427,1054
776,306
817,78
197,333
579,435
807,787
466,494
306,276
820,726
503,790
1604,579
267,550
239,451
247,83
1,579
166,912
1731,1293
1574,1575
576,258
792,556
239,572
930,197
398,336
807,800
576,379
239,1511
719,916
466,507
1479,1607
570,564
850,847
234,386
239,693
1264,1655
579,798
1162,1607
1692,1607
852,664
1731,1535
239,1632
1433,1060
1113,1607
1500,1787
607,752
522,385
1731,1656
1512,306
1120,1502
719,929
801,968
820,981
1526,1143
719,111
576,1560
1725,306
443,213
1773,1774
907,576
576,742
1761,902
1804,306
1094,1607
576,1681
1567,1790
1607,1374
576,863
576,634
579,114
937,576
1029,579
807,466
576,1802
770,584
355,342
626,576
576,984
270,1466
103,306
846,579
1242,579
771,176
549,63
485,573
807,358
1457,1672
1018,807
820,297
820,68
576,1105
356,836
1720,1493
576,876
1670,1672
579,127
401,1518
1010,579
576,58
366,248
820,189
576,997
827,579
64,556
451,1002
576,179
719,487
163,306
947,122
807,1768
239,264
15,556
642,654
721,947
807,721
719,608
576,71
724,723
536,672
1150,306
1454,1471
807,1660
373,385
1706,1692
239,1553
576,192
719,729
713,197
807,1781
387,441
1005,719
1574,1630
576,313
125,148
852,1645
576,1481
239,398
51,576
579,732
847,254
896,1607
1436,1063
460,488
372,375
391,388
576,1602
1713,782
852,719
1731,1590
807,976
717,265
576,326
446,445
267,968
279,39
664,1607
690,576
449,450
576,1494
822,732
1613,1719
1162,1554
1740,1302
644,1628
306,815
617,448
433,627
820,807
245,576
382,581
239,761
576,1615
283,50
720,576
324,576
267,42
1033,1036
576,797
576,568
267,981
537,576
275,576
239,653
13,576
720,697
852,853
1731,1724
1464,1609
576,689
488,576
185,538
914,913
785,45
666,582
1593,1201
211,941
1415,1609
515,1581
305,576
807,1460
356,770
576,810
441,356
807,413
738,579
476,579
1445,1609
754,708
1466,1668
609,290
1607,624
1400,1048
415,424
267,297
1607,1792
807,1473
216,251
576,5
1771,1607
448,722
305,939
1012,306
253,254
893,880
807,776
807,547
829,306
1599,1392
780,306
384,306
1778,1394
807,897
1497,1115
198,1607
267,660
859,306
239,332
1389,1703
64,745
499,902
807,789
239,1500
354,1487
810,306
297,724
854,83
878,440
126,576
201,198
239,453
347,1484
820,1667
1150,1542
790,741
623,564
807,910
576,489
282,42
576,260
452,453
820,620
773,774
799,1729
1717,579
576,1657
579,679
807,1031
719,918
820,970
106,166
820,741
107,576
850,849
327,579
576,1549
239,466
580,207
576,502
786,46
722,556
1503,1121
824,1735
820,44
197,590
357,579
219,349
57,58
576,623
1543,1607
1596,1204
1490,1717
239,937
743,736
1722,791
648,1630
926,978
1607,1605
1607,1376
579,116
807,468
807,239
707,301
1013,573
576,1804
622,459
720,994
35,891
807,1636
251,1455
576,986
114,137
1554,1607
246,293
413,470
661,306
1372,1041
16,770
267,352
599,596
356,838
576,878
478,306
82,306
63,64
1002,986
339,376
344,720
127,722
295,306
1728,797
952,576
487,476
423,720
576,999
1529,853
557,720
183,250
707,664
820,312
770,720
517,540
1002,289
1525,64
990,989
234,188
982,576
721,949
576,302
576,73
820,433
404,720
206,210
1599,1568
239,1555
576,423
259,258
763,20
25,27
324,323
871,721
1028,1607
852,1647
721,144
576,1483
239,400
1609,1774
664,549
239,1568
576,436
351,1486
475,1552
1454,1607
576,1604
299,572
1761,1764
761,337
852,721
1719,306
184,33
239,1689
613,1607
267,970
267,741
449,452
1633,653
590,576
442,449
507,807
791,337
820,1038
322,1027
239,763
576,1617
268,1464
569,409
517,219
720,807
761,579
267,44
1607,1539
852,734
1700,306
1731,1605
576,799
576,570
859,858
625,691
267,983
671,807
239,884
576,1738
173,301
833,576
1731,1726
576,920
571,576
1037,1803
309,347
529,579
925,579
1590,1198
1793,1786
564,573
1460,1088
1431,158
1716,785
1508,378
852,976
356,543
1605,1213
675,525
38,1402
685,984
297,579
239,897
820,354
897,574
720,941
685,166
981,982
809,461
356,664
579,413
526,523
1027,576
522,818
723,579
1607,1794
848,1742
198,199
807,1475
239,200
882,306
507,954
257,254
301,297
936,579
576,7
407,952
920,719
123,146
692,74
807,778
650,306
719,436
355,654
239,442
165,264
239,213
1434,1061
1599,1394
18,739
1010,999
388,952
942,306
1076,306
602,652
570,1602
661,966
67,264
807,791
356,101
579,1607
938,722
1607,63
1738,1300
239,455
220,213
710,306
820,1669
219,217
658,1607
396,1607
26,576
1010,1012
576,491
1419,1705
889,722
75,734
1380,1713
347,1607
197,579
1437,1466
576,612
208,216
820,972
820,743
267,1025
410,579
576,1780
576,1551
1560,489
1379,1609
1440,1067
141,576
623,579
576,504
495,1562
239,1636
1592,1609
64,63
1779,1701
251,155
576,1672
820,46
388,389
1534,1604
579,923
357,810
197,592
1626,1607
576,854
1409,1609
433,576
171,576
833,1678
239,939
197,713
556,94
659,744
208,579
483,518
65,944
25,579
1390,1609
576,867
1524,1609
579,118
197,16
258,1460
721,467
519,1006
356,719
576,988
789,49
579,239
744,306
413,472
807,591
886,884
1457,1676
820,301
807,1759
561,306
239,255
356,840
837,884
469,488
1599,1207
852,226
721,709
807,483
774,306
1725,794
424,193
314,321
876,1751
487,478
654,655
807,1651
557,722
725,306
329,306
463,306
807,833
719,720
820,543
770,722
1174,1566
267,596
112,722
1681,579
910,473
820,1711
852,239
721,951
807,725
239,1436
576,304
1632,579
318,719
239,389
404,722
1599,1570
117,140
1022,246
996,1011
807,846
239,1557
543,19
1434,190
685,368
1779,1393
576,1593
927,130
197,284
576,546
172,456
239,1449
853,854
468,720
500,672
1443,1070
1488,1715
239,1570
1723,306
892,903
208,1439
576,1606
1732,1294
453,452
783,852
807,980
1694,1712
1587,1586
1747,1309
267,972
877,901
1374,1707
272,269
1636,660
1704,306
487,867
239,765
836,755
522,565
467,629
267,46
1607,1541
1469,1607
815,817
1124,377
16,585
807,1572
1731,1728
631,629
655,986
564,575
825,579
1432,1782
337,761
576,814
904,579
1081,1215
988,987
754,820
1038,579
843,340
707,708
499,301
1032,1030
779,584
508,535
635,576
1117,579
1031,576
420,422
239,81
576,935
211,248
249,540
820,248
434,707
267,301
1281,579
708,946
807,659
576,238
8,720
357,315
694,903
315,318
807,780
239,1491
1015,995
576,359
820,719
856,413
735,123
1604,572
267,543
807,1719
1608,1216
498,1607
994,993
576,251
139,213
850,719
466,1547
239,336
820,1779
807,793
239,1504
356,103
662,1607
1735,1297
229,264
363,264
456,455
576,1540
769,1706
720,501
697,783
807,914
239,1625
1377,1710
754,499
456,576
850,732
215,221
514,783
576,1661
724,98
509,1607
820,974
252,1456
267,1027
576,1553
722,1607
1731,1770
576,506
861,867
539,1607
437,576
387,984
509,681
1452,1079
239,820
261,579
820,48
145,404
387,166
36,1400
34,573
120,576
254,576
161,348
579,107
474,579
1637,1246
721,456
979,980
1705,1609
645,1629
239,941
1741,1303
1443,1609
576,1795
729,576
333,576
708,1685
467,576
357,933
687,579
1607,1488
208,581
576,748
435,1526
1788,1499
193,192
504,579
1457,1665
239,833
724,582
993,218
1607,1609
197,18
579,120
807,472
1424,1609
820,411
668,579
267,235
272,579
807,1640
356,721
708,880
4,764
1544,1152
587,590
592,934
807,593
173,721
778,306
356,842
42,1406
1783,1784
618,61
661,660
721,711
857,306
1027,983
576,64
140,665
468,467
487,480
1514,1515
239,378
807,1653
674,306
820,1713
1417,1703
469,732
720,314
442,306
898,357
576,306
1715,579
1025,132
820,666
978,1777
267,719
599,963
239,391
789,306
1804,1038
1599,1572
269,270
249,32
820,787
572,722
1002,535
1119,1120
1002,306
1542,1711
576,1595
561,563
158,1607
1498,1116
693,719
267,1779
1731,1583
499,853
667,666
1002,656
135,576
267,961
864,722
721,148
468,722
621,964
1731,1704
1638,1247
239,1572
306,579
576,440
820,800
1532,1531
39,1403
283,43
385,579
1420,1704
576,790
201,1438
901,92
267,974
336,579
576,1729
254,1678
1567,1609
871,859
571,567
153,579
1030,623
849,1743
1518,1609
239,767
467,631
197,770
267,48
1552,1607
807,1453
579,54
1497,853
148,770
239,1117
807,406
239,888
27,480
1597,1205
807,1574
7,767
404,403
1491,1718
571,580
1723,792
293,306
1793,1790
807,527
820,237
586,70
45,1409
76,722
506,306
1750,1312
719,306
980,576
820,358
1730,579
576,1166
222,668
94,1422
12,306
807,540
550,884
1542,1632
487,306
387,368
225,306
1498,579
579,538
238,245
501,884
895,774
239,1372
576,240
576,11
359,242
961,576
1671,1675
1690,1688
976,884
234,247
239,325
1586,1567
533,543
255,306
807,782
576,132
820,721
825,836
503,785
935,415
1731,1517
807,903
576,482
356,213
576,253
364,1501
1005,1009
1497,1471
807,1024
356,334
239,1506
820,963
718,723
824,1607
576,1542
63,499
902,251
659,264
576,495
239,1627
1037,1607
468,898
217,269
857,858
356,576
820,976
790,50
1447,1074
239,701
543,1607
569,576
1728,306
453,401
709,98
576,737
476,1553
1018,1607
782,576
1529,1530
820,50
238,863
337,576
239,4
576,858
953,579
557,579
1030,1028
1792,1351
579,109
721,458
576,1797
643,804
355,337
1607,1719
1607,1490
807,1400
983,579
807,582
1237,1627
580,576
640,590
714,576
576,871
579,351
617,643
579,122
197,20
582,356
1769,1609
807,474
1013,579
751,579
355,579
1038,1804
489,579
537,61
807,1642
1720,1609
67,68
576,174
256,721
1537,1609
1606,1214
1671,1609
800,821
807,1763
58,1416
915,579
18,556
532,1006
1521,1520
600,423
817,357
618,184
614,708
719,724
199,200
218,213
1609,707
260,1607
651,711
921,306
902,64
1375,1708
191,726
239,1669
213,485
473,1607
273,270
852,1640
699,378
124,147
721,137
798,357
576,1476
872,306
807,850
689,306
823,306
1542,1713
576,1597
724,34
576,550
1450,1077
727,719
219,1444
267,963
685,722
721,150
576,1718
239,635
8,214
1018,373
720,679
197,638
405,1607
398,399
1739,1301
820,1031
357,748
267,37
1731,1598
576,792
576,563
419,579
23,579
307,109
267,976
597,622
807,166
576,1731
1388,1609
858,626
150,576
272,273
370,579
550,1678
1513,1496
833,1737
807,287
449,579
239,998
187,579
402,467
321,579
267,50
1418,1609
489,1560
4,579
807,408
1369,1609
716,1458
217,579
351,579
1641,1250
579,177
1609,1217
721,526
1793,1792
576,108
430,579
1482,1607
1616,1607
995,994
1607,1787
807,1697
707,1530
110,722
1612,1609
595,242
576,0
540,306
1013,755
314,488
239,85
753,306
357,306
491,306
95,306
807,542
1709,579
869,868
716,1592
807,1710
356,1020
70,1417
1548,1156
720,250
548,961
197,209
783,306
576,242
259,306
863,191
472,306
807,1013
833,19
807,784
655,656
163,719
121,722
503,787
606,242
564,245
693,884
1001,1000
820,1662
720,263
670,671
279,786
764,306
576,255
722,309
1680,1473
597,543
576,1652
65,453
199,1436
852,540
1786,1347
576,605
239,1737
576,376
58,679
820,965
239,690
576,1544
579,1024
1120,1607
576,726
701,1660
1607,190
239,811
239,582
820,39
1467,1607
574,572
720,855
854,1609
778,981
5,765
239,703
820,160
625,1678
1497,1607
604,572
378,983
43,1407
1149,1540
724,573
1644,1253
407,408
902,616
979,45
1748,1310
239,6
660,36
579,111
501,457
64,419
633,576
774,286
719,350
734,924
355,339
1607,1721
807,1631
1607,1492
846,576
564,863
633,468
807,355
469,710
357,11
834,579
572,579
1551,1159
1587,853
807,1644
576,994
937,936
517,1582
357,132
785,579
682,1649
895,710
807,597
927,928
550,941
537,184
1650,1259
552,721
115,720
879,887
1754,1316
807,718
576,297
576,68
699,367
578,77
576,1465
239,382
913,67
438,1531
895,952
239,1550
576,189
361,264
925,306
456,501
576,1586
440,264
159,251
553,555
576,1478
786,793
63,435
579,729
1000,493
549,557
1505,1123
576,431
543,254
671,668
1612,1222
576,1599
674,673
474,1551
985,306
357,737
503,37
233,213
537,1607
241,562
1524,1523
267,965
936,306
239,866
724,386
884,1607
226,1607
252,576
197,640
1539,1538
1149,306
356,404
245,573
69,576
922,263
636,1626
586,48
1751,1313
324,573
267,39
544,576
576,794
414,732
502,579
636,579
479,861
674,807
849,579
453,579
852,850
776,37
576,915
576,686
579,166
1422,1609
708,576
312,576
615,348
807,518
239,1000
525,576
1507,377
576,1036
576,807
1453,1080
460,861
1022,1796
1452,1609
499,294
1443,1789
1702,1491
1569,1376
700,698
576,928
1665,1609
1403,1609
183,179
1466,1665
251,579
688,580
550,875
239,1013
575,410
1757,1319
1607,1789
356,1009
579,300
429,1524
1695,1609
623,306
807,652
576,231
449,944
576,2
724,883
820,591
677,579
580,875
468,405
239,316
836,306
65,429
574,306
482,488
807,773
576,352
239,1484
536,953
787,306
391,306
1545,1153
239,437
239,208
1599,1389
866,306
747,126
576,244
314,732
267,657
387,722
239,558
817,306
877,357
555,306
357,550
665,666
369,1607
1611,581
904,719
807,786
576,365
1615,1225
820,725
634,306
372,306
503,789
998,997
852,1468
239,450
58,1607
82,732
847,306
1724,579
820,846
713,720
732,733
1592,1591
1793,1352
576,1654
798,306
114,576
208,211
1436,1465
581,722
543,201
820,967
1020,1028
219,225
852,663
1772,1535
576,728
576,499
144,576
364,579
1592,1604
487,915
239,813
576,1667
1550,1607
779,40
820,41
576,849
576,620
920,514
83,579
1779,1709
583,865
1705,1494
724,575
775,806
807,1512
576,862
1610,1607
579,113
193,306
573,527
576,44
724,467
1603,1604
820,175
355,341
807,1633
10,306
1665,1664
51,78
89,306
239,250
598,597
763,930
436,306
807,707
1804,1607
74,75
736,948
1584,520
663,1638
119,720
788,586
46,1410
576,178
177,432
466,306
277,784
910,468
643,353
940,576
807,720
590,197
576,299
820,659
1004,1005
1766,1328
234,306
576,1467
1507,579
132,29
438,1533
239,1552
748,1695
356,151
719,728
820,780
1002,528
267,833
0,489
418,248
576,1588
820,1719
1731,1576
130,720
820,901
152,213
721,141
239,626
576,1480
739,949
1687,1691
68,744
338,376
188,846
847,253
236,328
254,382
185,511
1726,306
671,670
807,36
239,518
579,852
503,39
754,1607
576,783
576,554
1007,1006
1642,1251
267,967
833,1607
726,727
239,868
335,576
27,460
357,860
213,852
576,675
760,1021
741,742
224,223
1707,306
620,1620
267,41
576,796
613,1617
807,399
578,576
316,576
724,401
536,579
789,796
233,807
365,468
395,576
1411,1718
239,1002
1718,1609
522,573
1463,1090
742,576
807,1459
576,1038
767,340
1475,1100
807,641
1719,1726
1648,1257
913,579
517,579
1699,1488
1569,1378
576,1159
1034,576
576,930
772,576
820,1519
596,579
807,762
1699,1609
852,1444
1607,1791
473,364
579,302
1778,1609
576,4
1694,1386
106,728
1609,1692
807,775
576,354
63,1526
1599,1391
807,896
232,665
373,1607
1013,1001
83,84
898,1694
301,1475
720,604
197,334
554,608
239,1499
576,367
507,496
820,727
269,1607
372,308
225,783
930,306
1028,612
362,788
668,306
357,444
1731,1523
807,909
576,488
1574,1576
239,1620
713,722
539,1589
553,504
267,901
721,317
239,802
215,216
485,77
239,573
583,383
197,576
807,1030
239,1741
698,306
719,917
820,969
708,499
148,576
576,1777
473,861
65,807
911,306
355,88
201,1607
351,1551
576,1669
820,43
357,807
224,1446
2,579
807,1501
356,582
576,851
944,1772
1367,1609
1452,1424
611,579
399,400
793,556
239,936
402,405
357,928
902,499
1607,1712
497,679
428,579
1651,1260
1614,1607
1755,1317
1793,1609
641,579
1610,1609
579,115
293,246
807,467
917,110
626,1624
576,46
872,862
355,343
1665,1666
536,1586
568,572
1378,1609
820,527
576,1106
356,837
257,306
267,1519
576,288
576,59
806,750
567,239
820,419
336,306
396,357
470,306
1426,1397
22,1607
423,719
557,719
249,832
1613,1223
1657,1266
213,357
927,932
576,180
820,540
594,722
239,494
807,1769
762,306
238,306
720,309
577,489
924,1765
721,948
628,720
807,722
576,301
713,306
487,488
576,1469
579,720
820,782
1002,530
721,251
108,24
885,884
576,543
239,1675
342,376
820,903
264,685
267,956
576,1711
719,33
533,846
1730,306
9,1371
1731,1699
141,736
1619,1229
356,395
576,664
820,1024
952,951
721,264
671,672
1607,128
807,267
280,787
579,854
887,970
503,41
576,785
576,556
1498,306
629,382
200,1437
267,969
1711,306
411,573
576,906
1002,1014
208,1678
1342,1607
239,762
720,806
976,732
267,43
1607,1538
356,758
449,693
27,475
1668,1669
976,624
807,1569
853,1685
612,576
6,766
376,336
231,884
1612,1710
807,522
677,678
742,807
1645,1254
1584,1503
30,722
1569,1380
576,1161
543,984
813,579
1695,1721
64,720
1764,1326
93,1421
1607,854
807,764
820,474
572,409
892,579
852,1446
239,199
885,576
267,1695
1778,1382
1019,576
576,235
581,579
660,579
1552,1160
807,777
576,356
521,420
572,651
267,540
828,836
576,1524
889,1755
579,546
436,726
1599,1393
852,412
1010,998
1478,1103
576,477
576,248
722,302
852,1580
231,213
943,944
576,1416
1622,1232
576,598
239,1501
557,90
820,958
283,790
356,1497
576,1766
576,1537
352,331
30,51
764,770
549,616
576,719
172,629
218,516
820,850
997,254
212,213
721,319
146,613
576,1658
254,1607
734,783
197,807
398,568
477,861
465,1561
1731,1646
915,306
1558,1166
729,1607
820,971
787,794
576,1779
239,696
556,80
1409,1716
576,732
268,579
821,499
905,907
807,335
497,1607
127,576
908,158
168,348
765,338
820,45
481,579
797,556
219,579
897,265
979,38
807,1503
576,853
736,576
340,576
579,104
474,576
807,456
743,737
163,162
820,166
1663,1609
407,522
835,969
1401,1609
556,93
795,338
907,579
645,579
287,871
713,979
852,91
807,348
177,181
724,579
462,579
200,579
584,47
576,1095
576,866
197,15
937,579
675,579
0,935
576,48
1382,1609
585,807
492,579
626,579
1678,1607
1609,1507
26,25
485,576
1445,1786
239,254
1412,1609
356,839
1555,1163
147,665
1697,1741
656,579
883,1753
705,700
576,1458
292,1470
1654,1263
68,264
766,306
370,306
721,829
576,411
1758,1320
820,771
479,478
770,950
1002,519
685,583
1722,579
239,267
321,306
820,1710
1773,1335
1217,1117
852,467
721,950
628,722
239,1664
576,532
717,13
400,306
576,1471
1469,291
239,388
1586,1630
579,722
1599,1569
546,545
613,306
351,306
807,845
576,424
521,488
576,1592
564,306
239,509
1703,579
4,1366
720,553
902,301
1561,1169
719,853
777,306
708,435
267,958
721,145
499,32
487,732
576,1713
10,807
500,671
560,722
813,902
1616,1226
1731,1701
576,666
172,576
239,1798
722,720
1030,836
1016,443
432,392
14,404
586,41
123,576
503,43
807,1437
81,579
576,787
267,971
807,390
485,376
1028,1032
576,908
576,679
624,1622
254,628
331,582
1559,1607
522,564
267,45
62,579
576,800
557,521
780,41
721,629
902,906
88,164
807,1571
239,67
1467,1092
307,467
482,468
1,1363
820,234
293,1471
327,301
1655,1264
579,522
408,411
96,819
820,584
930,981
419,11
1174,1607
190,188
938,576
415,306
576,1163
794,339
1761,1323
64,722
482,481
721,992
807,766
855,1746
889,576
489,871
355,642
98,720
727,1682
371,357
706,576
1718,579
183,306
821,822
807,887
239,1598
540,543
707,720
1671,1672
0,306
266,196
357,543
1761,1565
475,306
807,779
576,358
213,306
820,718
355,884
336,376
296,1472
7,1369
664,1639
554,720
576,479
473,1549
278,785
722,304
852,1582
239,564
820,1778
109,720
1767,1329
1758,1509
576,600
719,908
488,487
820,960
507,500
133,30
576,1768
239,685
734,664
154,89
1754,1740
1368,1704
576,721
1705,306
576,1660
473,744
1499,359
611,1617
576,613
550,1607
708,732
820,973
1513,1425
854,557
576,1781
247,788
1025,1607
197,930
1570,1178
902,719
632,629
356,694
576,734
142,213
976,1607
740,576
318,1607
344,576
1625,1235
820,47
668,673
239,1
576,855
557,576
579,335
1540,1541
820,168
770,576
357,932
902,732
112,576
107,232
1607,1716
807,1626
805,799
576,976
543,799
367,573
587,576
721,576
807,579
895,463
941,579
1787,1539
404,576
1020,579
104,55
197,17
576,50
397,573
1465,1609
572,574
1013,576
730,1685
709,579
1550,1158
1665,1670
777,979
78,941
396,1516
723,1682
647,869
702,576
788,579
719,708
302,605
28,302
267,584
807,1760
781,576
1476,1101
1720,1727
1001,579
576,292
1801,1800
556,579
576,1460
239,377
132,251
734,356
434,64
417,420
852,348
298,957
934,121
239,1545
719,721
1787,1794
89,554
195,721
928,306
852,1745
576,1581
500,310
579,603
239,1666
239,1437
356,36
256,852
823,411
501,131
721,134
576,1473
206,213
579,724
720,663
1599,1571
644,1607
976,131
576,655
466,783
239,1558
460,480
892,891
674,668
734,719
1482,1107
233,208
576,547
383,906
267,960
685,719
721,147
776,837
724,381
677,306
1613,1711
1731,1703
306,807
521,732
791,556
820,1028
890,306
859,727
248,573
935,722
200,273
549,915
664,902
576,789
243,579
184,1433
807,392
557,1678
239,874
1603,1531
734,853
236,576
576,910
194,579
328,579
1425,1609
499,397
467,630
267,47
499,1565
807,1681
626,623
576,1031
1772,1609
1376,1609
629,628
216,230
59,512
620,579
403,56
1589,1609
902,908
267,397
15,590
1406,1609
721,752
1793,1789
239,1237
922,513
290,1468
1652,1261
487,292
340,767
852,161
981,46
628,416
55,783
820,586
1694,1379
364,306
820,357
1570,1609
473,478
896,581
576,1165
1470,1607
579,416
1609,1685
1387,1609
375,357
356,78
576,347
820,707
888,878
356,1017
588,357
247,64
656,986
576,468
1161,1158
576,239
820,828
1694,1392
405,357
83,306
239,553
10,501
197,556
524,722
128,722
1544,1569
807,1010
239,1721
356,320
595,602
239,1492
820,720
937,73
503,784
267,773
1614,1224
979,713
1485,1110
1428,576
576,1528
509,306
357,666
357,437
852,645
95,437
948,124
349,1485
554,722
576,481
719,1018
807,902
254,201
326,306
295,956
577,1608
807,84
239,795
356,333
576,602
63,1774
820,962
400,376
1680,1591
724,207
1365,1701
618,720
576,1662
720,852
902,600
720,623
778,39
766,739
217,268
820,975
441,390
1507,1124
846,1607
576,1783
247,790
502,1568
720,744
902,721
632,631
1607,1705
1507,306
576,736
1534,439
155,154
740,807
993,1024
158,159
1720,306
858,570
467,914
820,49
386,1514
239,3
331,760
573,522
807,460
576,39
853,576
1607,1718
576,978
409,572
867,861
862,288
1684,854
846,1741
1787,1541
1459,1675
807,1749
24,357
1237,579
80,1420
251,750
985,974
572,576
807,1641
560,458
211,304
866,235
609,579
807,823
5,1367
414,111
267,586
864,576
1280,1686
676,525
239,258
880,1752
949,125
472,466
558,240
81,86
1035,579
1661,1270
487,710
487,481
1765,1327
852,579
996,1001
807,836
754,421
1779,1383
1672,991
734,708
467,364
251,1005
576,536
321,1478
820,896
252,1607
267,720
721,136
850,775
745,493
289,213
576,1475
913,306
1680,707
357,613
197,395
1217,1242
1607,1397
129,1429
1731,1463
1679,1273
805,251
543,251
1025,254
820,788
1568,1176
372,369
357,734
68,631
21,556
535,1006
576,778
576,549
495,1607
239,1681
1030,719
579,29
768,719
1623,1233
267,962
867,432
1457,1466
724,383
708,1607
76,576
1731,1705
239,1802
820,1030
221,213
188,265
239,984
1550,1549
407,568
720,1028
576,791
736,743
106,576
815,807
240,576
187,686
130,152
1603,1533
352,753
453,576
673,579
239,58
312,573
293,294
728,1683
726,856
707,577
1574,1182
239,997
8,576
724,517
624,579
388,568
1680,854
1459,1609
239,179
501,859
807,636
511,1577
1025,1798
1718,1725
1410,1609
401,399
807,1804
258,579
208,987
1538,1794
1623,1609
922,515
75,579
820,467
1702,1609
1607,1786
684,579
288,579
1778,1375
422,579
807,649
903,357
1391,1609
1768,1330
234,235
473,480
239,313
813,814
720,357
239,1481
1697,753
1688,1687
1035,1802
887,884
174,719
1701,579
286,896
387,719
576,1638
607,722
1682,1276
775,306
549,488
576,591
53,550
466,719
239,1494
204,719
820,722
503,786
726,306
137,665
357,668
155,719
1626,1236
239,1615
576,483
543,306
1774,1336
807,86
239,797
576,1651
951,774
182,34
820,25
720,612
1499,579
551,1594
1633,579
807,1025
576,604
820,964
1712,579
1094,1469
576,1772
618,722
576,725
356,456
562,561
1680,1714
1695,1285
102,576
1562,1170
724,330
820,38
489,204
1607,1586
576,846
1577,1185
267,1030
721,446
807,449
1023,1013
1607,1707
374,1506
522,623
584,40
1519,1715
700,629
356,819
239,5
576,859
1797,1430
1095,1158
807,691
719,578
576,41
820,172
355,338
575,570
1607,1720
373,355
576,980
1019,732
568,567
576,162
707,645
820,293
718,1679
197,21
1549,1607
807,704
628,473
724,935
505,1571
773,568
126,720
716,1754
473,306
56,1415
1797,1793
807,825
576,404
576,175
820,764
341,766
685,576
239,489
579,594
241,306
1118,579
576,296
859,355
576,1464
454,306
320,720
239,1549
1777,1339
1363,1699
724,22
1731,1573
1221,1242
395,197
1680,1527
267,722
36,35
576,1706
467,487
576,659
8,1370
1698,1288
852,1762
468,833
719,149
576,1598
674,672
474,1550
1767,1509
576,780
581,895
722,605
685,952
267,964
576,1719
724,385
197,639
169,806
1373,13
1783,1345
267,38
356,753
297,1607
323,576
576,793
1381,1715
1482,306
612,1618
1607,1654
62,693
576,914
1511,1128
749,576
506,1572
573,579
91,576
239,999
820,456
786,579
147,592
389,391
1456,1084
807,638
1712,781
779,576
820,348
121,576
603,579
556,504
1569,1375
380,1510
762,343
1706,1609
820,1516
703,702
1659,1268
413,869
554,579
239,1470
688,579
292,579
719,646
1612,1718
267,522
809,576
1641,1372
767,579
505,579
1387,1721
677,807
584,579
718,579
489,756
357,536
239,1483
576,351
1666,1671
1669,1676
576,1519
1677,1271
1717,1609
239,1604
1161,1162
514,1580
267,885
576,1640
197,560
357,549
410,1607
558,310
141,665
576,593
576,364
937,306
820,724
576,1761
720,722
1399,1047
1731,1520
208,318
576,485
933,722
924,902
239,799
576,1653
1716,579
129,1607
549,732
277,44
576,606
488,722
239,1738
820,966
208,1607
239,920
869,306
549,853
580,203
576,727
1402,1708
572,204
820,40
486,689
136,576
356,808
1514,1131
707,1560
356,579
576,848
777,838
579,99
165,984
464,1546
381,1511
1607,1709
1404,1609
612,626
1610,1714
166,576
386,579
721,798
721,569
807,572
1799,1357
239,236
807,1511
239,7
689,967
1030,1031
807,693
576,43
820,403
355,340
267,456
1385,1609
807,1632
1519,1609
211,66
524,526
367,579
1681,1607
344,824
807,585
576,164
724,816
8,646
264,306
299,300
1520,1137
267,1516
81,306
576,56
820,416
1680,1274
267,698
1366,1609
576,1453
294,306
239,370
690,306
32,306
576,406
820,766
507,306
763,3
1449,1499
576,1574
239,491
780,586
720,306
491,483
1772,1334
576,527
820,658
107,722
275,306
576,1466
579,946
467,476
320,722
576,648
239,1551
1627,579
820,779
852,1751
845,543
721,19
576,1587
724,253
113,136
197,736
843,884
576,540
433,720
553,556
456,852
518,306
721,140
1686,1280
239,854
1424,1051
1393,1701
646,720
412,553
250,491
1486,1111
954,1775
1411,1462
807,264
951,952
316,441
5,579
1754,1572
1630,1240
503,38
780,841
576,782
1610,1527
414,720
1718,306
267,966
807,156
239,867
836,857
627,720
489,490
358,1498
807,1553
576,903
976,1776
223,226
355,382
1554,477
267,40
576,1024
356,755
576,795
106,580
1699,306
1095,1094
1635,1718
503,1569
1707,776
790,579
1117,1499
633,632
677,675
1523,1140
1607,1777
576,1037
1610,1782
852,383
981,39
1607,730
311,702
820,579
517,807
1730,800
556,506
267,403
1569,1377
846,753
807,761
576,340
630,576
943,807
850,579
368,576
807,882
447,576
581,576
724,884
811,772
721,61
415,543
1674,1672
576,1400
660,576
832,831
197,320
274,540
62,132
1717,1490
576,353
639,638
536,954
1425,1052
721,182
831,579
1688,1691
576,1521
576,474
736,197
660,1636
1680,1692
1504,1503
96,251
576,1642
454,484
579,893
589,120
854,1586
1028,719
706,705
986,988
576,595
820,955
469,203
576,1763
1781,1343
910,67
576,716
205,251
807,90
719,206
576,1655
870,1607
708,1774
1009,719
954,783
296,783
1423,1527
1498,358
820,968
902,1761
97,573
576,1776
613,611
1569,1177
884,845
1508,1692
807,332
884,27
1584,1192
820,42
429,386
104,855
1454,1082
807,1500
576,850
1710,779
1408,1609
215,807
1342,1780
239,935
1607,1711
115,576
469,579
721,571
251,622
941,803
738,740
1796,1354
1018,1023
724,576
682,579
286,579
420,579
1385,1719
239,238
280,47
753,230
510,509
1389,1609
1616,605
499,579
576,45
813,1678
572,569
792,343
1602,1609
239,359
951,336
712,579
720,174
807,587
576,166
1419,1609
586,588
911,910
765,590
630,631
267,579
401,579
1536,1147
820,1694
512,1578
197,254
737,1696
721,934
480,579
750,174
719,824
302,721
1007,510
576,1455
137,590
579,706
734,351
937,939
1217,1222
1731,1443
1662,1609
590,306
239,1540
328,306
820,768
135,665
1779,1376
1397,1045
803,306
541,306
239,1661
820,660
620,306
576,1697
306,1607
256,29
1784,1346
467,478
935,583
579,719
1607,1390
833,306
1710,579
576,421
385,1607
584,770
312,311
479,488
576,1589
1608,1736
784,306
388,306
522,306
720,550
893,707
213,719
576,542
997,306
267,955
576,1710
911,468
489,250
139,396
462,1544
895,379
726,836
1508,579
434,435
503,40
576,784
1797,1355
73,163
1721,579
518,550
836,859
983,1781
281,48
807,1555
576,905
466,1033
534,908
1002,1013
331,579
852,22
729,854
820,218
197,993
1700,762
866,859
822,264
543,620
166,633
1513,1609
807,400
1518,1135
1578,1186
1151,1607
807,1568
239,64
853,1684
720,108
895,634
664,213
466,457
1760,1607
397,623
306,239
1498,1607
813,1733
820,460
1663,1674
1719,788
807,1689
761,1
945,576
26,306
1607,732
820,352
1569,1379
239,306
576,1160
1613,1385
413,873
1607,853
807,763
576,342
567,522
820,702
452,306
820,473
776,403
576,1510
1558,1607
267,1694
761,14
807,884
884,579
576,463
239,1595
356,194
820,823
489,989
1449,1785
501,60
721,63
576,1631
85,81
491,540
1684,1278
674,1644
899,1762
267,768
1430,1398
721,184
1018,178
250,306
865,579
767,7
576,476
820,836
204,604
116,720
778,839
239,790
576,1644
944,579
1474,579
579,895
770,197
820,957
680,425
721,426
807,200
1037,662
357,903
404,197
722,543
555,1598
451,952
652,713
55,457
557,1607
1614,306
722,664
696,1658
1428,1055
807,213
576,1778
1703,765
527,573
556,79
1607,1700
1390,1702
100,213
1521,1138
1581,1189
538,1607
467,909
267,326
351,734
406,404
576,852
543,904
423,344
489,1607
895,568
820,394
443,444
723,727
21,980
594,576
136,930
1607,1713
552,579
197,122
735,737
807,576
829,335
858,807
765,579
503,579
1382,1716
616,227
239,240
197,14
978,579
582,579
494,466
576,276
576,47
820,636
572,571
536,648
355,573
295,293
489,573
709,576
313,576
487,463
767,746
576,1215
1715,1488
271,579
234,1451
659,166
130,576
586,590
1527,1144
1587,1195
630,633
1457,1085
1715,1609
239,253
820,1696
739,576
343,576
658,1634
301,579
807,939
239,1650
576,289
1221,1222
724,941
820,649
1666,1609
267,702
576,1457
910,579
239,374
507,1586
951,580
1484,1568
1483,1609
1731,1445
719,947
239,1542
727,579
239,724
576,1578
886,306
242,241
239,495
192,420
576,531
158,543
576,1470
467,480
646,711
1721,1494
654,306
1607,1392
576,652
1689,1690
268,270
120,143
267,836
893,1756
807,255
719,142
576,1591
899,783
150,665
852,708
1423,1692
711,732
84,82
903,902
829,724
1431,1058
180,544
1508,1507
684,306
818,306
267,957
807,376
370,1607
239,858
151,745
500,670
897,306
902,421
635,306
1731,1700
820,1025
345,732
83,732
1725,579
30,576
200,270
503,42
164,576
1220,1117
714,720
807,1436
576,1015
576,786
852,132
807,389
705,378
724,391
278,45
775,851
716,1439
525,676
733,854
807,1557
1596,1717
710,1661
1383,1609
11,576
145,576
847,848
580,733
807,1449
103,579
941,1678
906,903
724,1680
576,1028
1403,1709
1596,1609
1437,1064
182,579
1718,1491
1630,1607
267,394
1413,1609
807,1570
15,587
721,749
576,102
1364,1609
346,579
1800,1358
576,223
311,706
163,579
1394,1609
327,421
60,306
456,306
1034,1037
376,579
807,765
576,344
466,472
753,1697
820,704
852,1447
576,1512
393,115
267,1696
576,465
576,236
820,596
1119,1158
584,585
267,649
303,306
807,68
1163,1164
576,1633
437,306
239,550
841,884
473,488
579,884
211,488
202,897
164,376
458,594
1692,1693
1731,1621
671,1641
690,1654
239,1718
576,357
896,1759
254,306
854,301
322,706
576,1754
165,722
550,304
467,306
576,707
361,782
158,719
576,478
356,209
543,301
1627,638
807,81
239,792
1421,1701
239,563
803,605
459,832
68,910
576,828
277,37
356,330
550,1593
239,1731
820,959
768,769
1612,1390
707,264
489,78
852,884
576,720
932,1779
854,664
721,549
247,666
197,808
807,1491
301,902
853,1607
579,92
854,556
1576,1184
383,382
140,395
1607,1702
912,911
1727,306
883,1607
152,405
467,911
687,685
1151,1543
547,382
807,1504
1729,1291
239,0
1529,708
211,167
722,908
807,457
576,36
619,635
1607,1715
807,1625
356,935
1803,1361
1708,306
267,1617
353,637
628,576
722,211
1787,1538
517,516
1459,1672
239,242
579,576
628,468
576,49
355,804
392,871
1118,1500
720,178
807,820
1524,1141
576,170
1166,1167
550,935
911,914
1002,507
822,576
560,576
807,941
356,251
239,1652
576,291
1749,1609
985,984
859,579
556,807
239,605
576,1459
239,376
579,710
852,576
719,949
918,112
820,772
1779,1609
982,807
1023,579
115,138
356,264
807,954
927,467
579,952
1607,1394
731,528
576,654
507,783
1701,763
1697,1287
636,1607
775,719
1014,1001
1501,1119
1464,1466
576,775
453,1607
267,959
807,378
705,367
724,380
416,264
928,1607
270,1607
1731,1702
576,896
543,719
722,721
773,952
1018,719
576,1017
576,788
1596,1598
696,1607
64,576
807,391
209,213
513,1607
251,1607
979,94
411,576
576,909
271,273
1596,1719
235,579
720,99
811,1678
854,853
490,576
1369,1713
644,225
847,850
186,579
291,861
1602,1426
576,1030
1417,1609
703,576
1525,1142
909,910
1585,1193
399,579
3,579
1455,1083
961,548
820,572
741,50
1711,780
921,920
382,346
239,297
1500,1499
478,579
239,68
65,410
612,579
794,556
1494,1721
403,405
1726,795
1001,1788
820,693
209,576
732,580
429,579
167,579
781,738
239,189
395,931
711,413
239,1586
603,816
269,1465
618,1619
1613,1389
1609,1684
494,536
807,767
239,1478
1467,288
672,579
589,810
255,1459
239,660
576,1514
540,1591
118,141
1590,1792
477,488
807,1117
807,888
576,467
239,1599
1013,993
782,306
1444,1445
508,1006
473,719
211,719
156,783
393,467
290,783
1429,1056
599,306
576,588
144,665
861,720
267,772
807,191
576,1756
111,1427
357,665
852,644
494,899
260,732
1731,1515
576,480
1398,1046
1025,306
763,306
239,794
576,1648
211,732
546,722
1607,1570
1719,579
444,445
576,601
703,376
820,961
831,827
576,1769
543,1592
902,707
556,70
1559,482
807,1372
576,722
1773,707
807,325
239,1036
239,807
820,264
1700,579
1435,1062
1495,1113
900,903
413,556
783,89
235,1452
1607,1704
1588,1196
254,913
720,154
395,394
675,677
721,564
807,1506
712,680
239,2
280,40
579,336
581,382
576,38
181,182
1607,1717
807,1627
486,0
848,847
576,159
108,579
719,467
1556,1607
704,573
898,1607
1459,1674
784,44
579,578
1504,370
1769,1607
1373,1607
807,701
238,1453
576,1448
294,301
738,49
32,301
1594,1202
1217,1215
1720,789
820,761
999,992
787,584
479,468
214,722
382,306
576,1569
858,235
863,579
472,465
576,522
239,1654
576,293
199,306
1076,579
840,339
267,706
638,353
576,1461
935,576
626,235
576,643
576,414
460,468
61,722
564,525
693,935
328,1480
112,135
576,764
239,1667
576,535
610,119
1370,1039
553,551
895,251
721,135
239,849
163,73
239,620
982,930
127,150
1496,1114
720,664
1607,1396
356,616
576,656
721,485
611,613
719,146
1438,1065
724,261
576,777
932,1607
536,1607
346,1483
239,862
724,382
1145,1607
281,41
1418,1702
576,898
356,629
1002,1006
363,790
724,732
1801,1359
536,681
462,503
807,1669
208,852
576,1019
22,1399
323,573
403,44
1702,306
213,149
460,26
1596,553
596,1607
1596,1721
1704,766
1612,1702
681,1607
707,576
576,93
913,910
787,47
1604,306
1444,1071
1504,1122
579,512
524,576
909,912
1769,1770
807,635
999,576
341,576
239,299
1613,1378
649,1631
1695,1713
554,576
239,1467
576,335
447,450
543,158
1465,1665
576,1503
720,464
758,756
579,525
109,576
329,579
725,579
463,579
576,456
1694,1609
676,579
189,720
807,998
576,348
239,1480
639,404
644,711
576,1516
868,870
807,890
1012,999
501,66
148,665
576,1637
239,554
1603,1211
1145,1528
1754,1609
720,598
819,348
576,590
903,719
686,721
861,722
1518,1517
143,213
77,88
239,675
720,719
357,667
81,732
576,711
222,213
1242,306
846,306
807,85
557,1600
576,1650
239,796
951,1002
1607,1572
611,1607
497,539
576,832
750,719
989,1001
1010,306
121,144
1432,1692
576,724
1704,579
1367,1711
807,556
239,1038
719,214
536,507
820,37
1492,1719
124,576
1736,1298
807,1737
841,338
923,902
1609,1607
721,916
1788,1609
1392,1609
807,690
1378,1711
576,40
820,629
820,400
685,441
374,579
742,746
239,354
473,292
197,357
579,459
274,348
413,921
253,1457
576,161
719,698
507,290
1166,1158
1639,1607
930,918
11,877
214,711
725,1681
454,400
184,576
579,580
1442,1443
721,929
239,1643
807,703
1221,1215
69,185
239,596
404,929
1586,1609
247,228
37,1401
579,701
357,588
1033,871
977,976
719,711
820,763
331,306
721,232
576,1571
552,719
579,822
114,722
820,884
467,473
233,306
1607,1385
239,1777
772,62
1243,1633
372,357
261,260
522,301
544,548
623,612
576,766
631,473
576,537
820,897
239,851
316,317
476,306
1785,990
1607,1398
576,887
337,376
125,722
101,99
1749,1747
1002,995
820,1018
721,487
1497,708
564,540
197,746
76,456
576,1008
576,779
758,490
579,30
386,389
721,608
807,382
278,38
1415,1699
720,908
384,959
807,1550
1002,1008
738,898
915,1763
820,213
718,431
197,988
590,919
576,1021
1471,1607
580,847
1474,306
239,59
546,216
724,976
1441,1068
1501,1607
1592,1200
2,762
425,865
607,576
1718,787
1788,1785
576,216
686,576
820,576
267,629
40,1404
556,503
504,47
1717,306
1569,1374
473,468
239,301
175,811
385,355
720,345
357,293
1167,1559
1745,1307
771,576
721,984
576,337
245,237
336,355
576,1505
808,579
546,579
820,818
980,807
1021,579
852,1561
576,1626
239,543
473,481
579,877
813,815
618,576
752,576
807,1000
576,579
239,1711
820,939
413,63
576,1518
789,579
576,700
650,649
576,471
267,884
1600,1208
239,785
576,1639
150,713
1124,1215
669,783
133,251
576,1760
268,1607
1032,579
63,946
1570,1386
357,898
576,713
713,947
807,316
316,264
807,1484
762,21
989,1003
895,321
511,1607
1027,706
645,1607
247,780
910,306
84,264
462,1607
1442,1069
807,558
504,786
772,722
450,442
754,853
143,928
807,450
626,1607
576,29
256,576
173,807
424,160
1607,1708
693,550
1019,720
207,576
293,579
601,732
205,732
427,579
333,917
171,101
506,579
239,235
519,289
1475,1609
721,918
576,271
576,42
719,579
591,579
576,1439
1426,1609
239,356
408,579
12,579
807,813
1377,1609
267,576
826,274
225,579
720,521
183,582
1590,1609
721,931
576,513
576,284
1532,1604
1601,1209
1669,1609
576,1452
1407,1609
239,369
1727,796
255,579
389,579
1483,1604
239,1766
576,405
820,765
548,306
49,1413
360,780
468,579
239,719
992,993
1437,1609
761,306
194,195
1497,576
576,1694
1607,1387
623,722
576,647
540,724
395,306
188,13
119,142
878,719
807,250
854,1530
346,306
260,1020
736,720
323,322
559,306
196,254
297,306
724,373
820,81
111,1607
1613,1703
1635,1462
576,889
1034,306
576,660
376,306
543,483
510,306
1728,579
267,26
134,665
576,1010
1734,1296
576,781
414,719
802,306
368,1017
820,323
729,730
930,720
923,1764
118,576
1790,1349
807,1552
1376,1709
576,902
820,1491
68,166
782,741
576,84
27,579
714,728
225,271
576,1023
820,1612
543,846
213,153
251,445
741,43
60,59
579,624
942,972
1451,1078
239,1458
576,97
913,914
489,852
382,231
480,1557
239,411
757,108
1636,1245
477,468
852,382
1788,1787
872,1034
556,505
487,634
504,49
239,532
1486,1607
1023,385
1164,1556
1742,1304
720,347
239,1471
576,339
719,647
820,699
933,576
239,424
101,719
916,114
807,881
576,460
239,1592
1013,986
501,57
303,301
576,1628
576,1399
951,522
813,817
1713,579
66,65
945,707
509,1574
239,1713
122,145
576,581
820,941
1595,1203
576,1749
239,666
82,719
123,720
305,239
576,473
1610,1218
820,833
823,579
36,199
509,648
239,787
576,1641
902,579
576,823
461,607
428,430
567,774
520,369
576,944
767,17
240,500
1673,991
422,248
265,264
239,800
619,267
515,1607
1379,1712
851,775
142,315
1706,1289
820,378
247,782
154,554
849,850
439,952
807,1607
941,1607
1658,696
739,197
504,788
807,331
998,542
1681,306
807,1499
1431,1592
575,1607
339,576
213,208
172,170
807,452
820,391
1632,306
1639,1248
866,1032
234,267
845,155
1607,1710
1743,1305
807,1620
356,930
267,1612
895,915
807,573
716,1623
807,1741
660,496
981,93
320,576
540,579
490,758
769,1607
313,573
738,42
239,358
137,576
753,579
579,463
491,579
1445,1072
719,931
586,587
746,576
1546,1154
570,579
576,1562
884,1678
164,76
783,579
576,286
44,1408
685,687
776,576
734,579
720,644
604,469
576,636
1703,1609
239,1768
543,230
414,345
507,536
820,767
685,579
468,810
239,721
852,692
764,579
239,1660
576,528
1734,814
820,1117
820,888
474,480
267,941
576,1696
357,605
1607,1389
576,649
316,1476
356,380
1670,1674
579,129
239,1781
719,139
239,734
489,357
356,501
576,770
736,722
507,899
1604,1212
1038,306
719,31
1220,1222
1117,306
707,556
239,976
719,152
672,306
536,674
1534,1533
620,1607
807,1662
497,719
122,576
378,1027
579,263
1281,306
885,306
403,37
764,16
559,550
820,325
930,722
1589,1590
271,268
109,206
331,807
881,722
807,507
576,86
807,1675
576,1025
614,499
182,576
267,620
594,749
716,1678
1448,1075
1292,1730
239,1460
1493,1720
576,99
677,676
1737,1299
469,875
720,457
357,405
1797,1609
47,1411
721,867
1752,1314
926,683
356,301
521,634
1648,1607
239,1473
576,341
820,701
239,655
254,1458
1662,1663
378,706
412,1522
52,721
900,293
721,62
239,776
576,1630
1648,681
239,547
657,306
405,1519
1024,1002
172,722
576,583
1023,1797
736,306
474,306
579,1002
388,239
343,762
613,357
687,306
1607,1215
576,704
553,720
950,127
578,484
504,306
239,789
576,1643
1525,1526
580,301
576,825
576,596
1008,1007
820,956
807,428
807,199
239,910
397,301
908,251
576,1764
1149,579
483,489
543,540
534,720
1714,1290
485,306
719,207
835,833
928,1778
186,387
1012,200
318,314
579,89
1697,1471
840,884
348,156
933,28
580,664
1607,1699
906,605
504,790
478,1555
724,564
415,452
468,315
1428,128
1519,1707
576,1080
572,1604
730,729
876,783
1715,306
624,976
722,87
716,1733
543,1024
1623,1656
1480,1607
576,154
682,809
239,468
1035,1607
579,573
807,696
196,808
576,275
719,812
820,635
852,1607
354,576
834,1738
576,396
172,306
1667,1675
3,763
493,627
787,579
52,884
576,1564
951,687
393,396
646,576
820,1695
780,576
866,579
41,1405
764,339
466,874
158,529
644,651
267,701
704,702
993,576
1746,1308
239,602
576,1456
555,579
316,68
579,707
1607,1378
576,638
414,576
1030,579
634,579
768,579
867,292
576,1577
765,15
1023,576
627,576
1243,579
981,579
1607,1499
57,194
239,1662
356,261
543,582
576,530
359,532
653,713
391,484
576,1698
811,252
126,149
1607,1391
576,651
846,246
268,269
579,131
873,874
71,1418
1549,1157
465,783
807,254
500,1006
820,193
720,1009
197,739
995,719
678,783
356,732
576,772
612,429
895,488
239,857
469,1548
209,197
61,33
16,556
530,1006
356,853
624,1607
481,1558
1002,1001
721,722
198,1435
724,727
751,601
807,1664
733,732
576,1014
356,745
706,306
1607,707
454,1024
550,732
1549,473
902,891
1474,299
151,168
1596,1716
784,791
288,1607
355,385
448,576
580,732
1375,1609
807,859
265,576
1607,720
531,732
672,671
619,579
596,1615
902,904
807,1798
640,638
20,930
174,579
1643,1252
719,867
564,1030
1667,1609
1801,1609
746,741
820,690
1405,1609
1537,1536
267,743
429,576
649,579
253,579
739,738
1484,1609
1028,575
852,615
246,576
466,579
1749,1311
823,328
842,341
432,177
721,51
468,396
576,1619
239,536
1569,1609
473,474
63,576
641,287
205,925
838,343
576,572
807,993
239,1475
576,343
1386,1609
820,703
685,744
234,579
576,1511
467,292
1599,1609
527,306
816,180
334,931
576,693
1662,1665
576,464
928,357
19,546
239,778
220,536
576,1632
807,67
624,131
935,518
1602,1210
747,467
576,585
1700,1489
576,1753
657,658
770,306
374,306
1310,1748
21,713
50,1414
543,529
722,531
854,421
281,788
1726,579
983,306
721,306
724,540
239,791
412,719
404,306
1695,1387
807,430
614,301
867,481
719,317
1607,1688
852,883
807,1598
1610,1693
543,542
1707,579
721,548
798,768
1486,351
781,306
677,1646
708,730
716,325
55,579
820,382
1446,1073
866,1023
1607,1701
158,1431
6,579
133,620
394,395
807,564
579,1609
820,274
467,910
473,166
1011,1010
1791,1350
807,685
576,264
36,579
1684,729
1167,1607
807,806
576,385
447,500
719,693
820,745
567,336
19,467
720,514
501,921
172,416
777,38
820,637
239,591
810,1612
252,301
732,1692
651,572
912,576
239,1759
208,231
433,578
576,1566
239,483
852,683
912,468
466,876
239,1651
1703,1492
576,519
866,1749
285,720
467,468
1607,1380
236,306
719,948
851,579
820,1000
501,466
102,720
1242,1632
239,725
576,1579
449,306
522,525
720,769
627,578
537,1587
623,836
1731,1567
1519,1388
576,761
631,468
1675,1672
239,846
724,366
467,481
1607,1393
576,882
576,653
345,720
1470,1095
340,376
687,1652
719,143
1388,1699
911,579
1611,1219
356,734
1464,1465
576,774
20,556
749,665
726,718
807,377
820,316
591,493
1009,1006
549,1021
807,1545
24,153
720,85
1002,1003
485,484
1787,1687
724,729
820,208
747,898
1709,306
807,1666
239,162
650,965
737,1607
895,732
820,558
1635,1710
267,382
554,1607
807,1558
271,272
1596,1718
852,254
854,852
807,740
820,450
146,213
1,761
357,396
610,613
744,576
1609,1549
86,576
17,742
614,732
628,630
576,211
810,149
612,807
211,463
954,507
1778,1708
1640,1249
403,404
807,982
614,853
807,753
576,332
748,1607
1744,1306
378,576
116,576
1465,1662
576,1500
1701,1609
1759,1321
549,579
576,453
722,507
331,356
470,471
762,579
473,476
896,579
238,579
412,466
1076,1449
1731,1609
1676,1673
576,345
53,304
75,817
672,807
820,705
807,177
239,659
576,1513
932,357
156,890
1420,1609
1547,1155
664,579
576,695
576,466
1680,1684
628,67
239,780
743,579
576,1634
1473,1098
807,1237
1717,1724
1646,1255
239,1719
576,587
501,413
721,416
576,1755
762,713
1617,1227
1570,1381
257,955
556,56
365,488
136,665
576,708
804,306
931,118
757,719
239,793
1607,1569
621,306
356,560
722,883
720,19
719,319
834,306
239,914
572,306
1711,579
648,1607
386,1607
1607,1690
585,770
659,719
700,720
1553,1161
785,306
28,852
935,1004
830,722
807,1721
998,306
807,1492
239,217
730,720
647,722
247,1017
267,208
131,576
253,273
795,556
1607,1703
811,1732
138,737
807,795
184,1607
423,576
543,907
381,579
926,379
628,456
581,381
576,37
897,846
556,553
716,1737
387,744
198,579
1602,1601
579,685
579,456
720,166
788,795
914,382
1380,1609
576,1555
1514,1609
579,806
32,179
1761,1486
100,579
628,698
576,508
239,1640
239,593
1412,1719
1761,1607
1544,1609
977,973
576,629
1464,1091
576,400
1002,508
48,1412
576,1568
724,234
894,157
579,819
1649,1258
1753,1315
576,521
1574,1609
239,1653
502,306
636,306
240,306
576,1689
239,606
839,342
54,826
489,0
57,306
1607,1382
576,642
719,950
548,543
666,306
541,540
1165,1158
576,763
1006,576
483,306
253,1012
239,848
297,301
820,76
1220,1215
838,884
1607,1395
576,884
356,615
942,941
1607,577
1424,1395
820,197
1004,543
356,736
576,776
474,728
749,667
854,720
986,122
592,720
113,722
911,473
720,905
448,446
1017,603
1614,593
1789,1348
576,897
734,251
1713,306
255,253
740,739
576,79
1773,64
355,376
468,253
239,164
820,1607
64,577
576,200
1502,365
189,693
1596,1720
807,742
239,1453
588,1607
576,321
719,629
984,1607
913,909
1413,1720
685,264
492,623
579,511
1724,306
239,1574
576,213
225,1447
820,573
618,1607
1000,1672
778,576
504,44
807,1802
1701,1490
403,406
752,560
807,984
553,579
451,568
1609,854
468,737
576,1502
1756,1318
546,576
1028,579
625,1623
766,579
477,476
576,455
1021,576
979,579
583,579
239,540
785,979
128,709
859,1682
781,42
807,997
1666,1667
807,179
1009,579
1468,1093
1512,382
576,697
1716,1609
892,933
1425,1396
267,881
2,1364
678,1647
564,579
239,782
576,1636
708,1526
356,549
14,556
91,251
239,903
51,852
1570,1383
1658,1267
990,579
1762,1324
576,939
576,710
887,306
400,484
807,313
239,1024
867,364
925,1766
820,252
954,1006
1607,1571
807,1481
10,154
460,885
9,720
647,711
1695,1391
191,431
576,13
1684,707
267,197
556,71
576,952
807,555
681,1648
466,262
239,1037
1565,1173
685,306
487,321
499,1607
807,1494
730,722
898,306
807,676
576,26
471,498
572,550
1620,1230
214,576
723,719
809,722
807,1615
356,925
663,1607
267,1607
401,1607
821,732
807,797
251,616
580,1020
286,573
566,627
951,438
820,1675
1761,1475
598,579
1029,1031
984,1783
239,1400
1013,1023
719,576
61,576
576,1436
543,1030
579,687
1384,1609
785,792
501,1033
1731,1424
587,807
494,579
535,617
96,984
1667,1668
466,517
366,579
1680,1607
267,573
576,1557
239,474
239,1642
1414,1609
1026,975
0,579
1471,1096
239,595
576,1449
669,1640
1715,1722
1365,1609
637,641
475,579
576,631
239,1763
347,579
662,1637
820,762
1444,1609
468,576
576,1799
576,1570
1731,1787
356,254
474,475
685,695
1003,1004
1543,460
1608,1609
932,306
536,306
1607,1384
571,300
576,644
306,783
579,124
1508,1607
652,639
828,306
1731,1800
800,473
1705,579
576,765
818,527
842,884
239,850
779,306
1477,1102
1721,1728
291,488
208,719
492,249
82,85
596,306
807,489
724,720
25,719
267,252
117,722
673,674
602,242
547,306
282,789
208,611
854,722
592,722
58,263
1771,1333
807,1549
543,722
721,728
576,81
1013,836
1787,1691
806,543
176,376
351,902
208,853
239,166
807,852
807,623
820,562
579,392
384,382
866,385
356,54
576,94
1410,1717
820,454
1280,1607
576,1491
239,408
852,379
895,978
17,746
576,444
688,685
1629,1239
820,575
861,576
1647,1256
410,411
556,502
576,1612
504,46
564,97
579,634
1310,1607
720,344
1000,627
576,565
239,1697
457,873
820,696
229,228
576,1504
1034,103
576,457
944,1607
378,701
483,0
653,640
759,807
576,1625
239,542
10,719
1553,1607
1673,1672
632,473
398,306
659,576
807,999
239,1710
859,866
181,722
807,181
215,306
357,884
444,543
823,576
413,412
1480,1105
807,73
724,533
1653,1262
239,784
884,1754
1704,1493
1607,1560
945,946
807,1470
576,820
1695,1380
528,1008
576,1759
1570,1385
357,897
1609,64
807,1591
1731,1747
576,941
1624,1621
766,18
537,720
538,1588
163,250
820,254
807,1483
576,833
488,720
529,721
720,23
86,151
318,1477
552,1607
1560,1168
495,844
746,197
541,960
892,251
688,1653
807,1604
387,264
826,836
504,785
289,860
564,836
1465,1466
239,221
356,806
247,82
820,1664
1243,306
357,213
330,1019
886,971
936,1768
445,447
579,447
880,1607
744,743
940,426
807,799
576,378
1015,1014
1011,306
820,738
301,1607
1366,1702
807,1738
579,568
721,917
239,1631
166,106
260,1461
576,1438
239,355
357,576
711,579
1731,1426
895,925
576,391
722,216
1508,1125
1680,1609
704,576
576,1559
775,456
1731,1547
239,1644
125,576
741,579
345,350
576,1451
338,576
1033,872
692,579
34,579
1656,1265
854,577
1760,1322
576,1801
509,579
239,718
576,1572
1607,1494
1519,1381
991,996
356,485
576,525
543,348
722,579
468,928
807,357
1457,1671
467,474
935,579
1607,1386
1471,293
579,126
501,472
69,549
554,69
720,775
1014,993
1721,1609
649,306
85,264
805,819
576,996
1032,1801
576,767
1563,1171
807,370
1474,1099
145,665
659,657
576,1117
208,721
576,888
297,1473
579,368
1618,1228
1002,996
303,958
807,491
576,70
724,722
820,430
536,671
1026,306
267,254
210,1440
543,832
316,1607
1016,1015
977,306
1720,579
820,322
239,276
807,1551
822,368
660,306
110,576
576,83
1369,1705
873,306
189,576
739,720
890,889
807,854
576,204
92,91
722,29
782,43
140,576
721,33
621,620
576,1372
1624,1234
576,325
347,502
177,579
820,685
369,520
1678,716
267,738
378,1508
766,341
852,381
807,867
576,217
267,859
504,48
158,579
576,338
1694,1720
796,341
1763,1325
576,1735
239,652
576,1506
808,809
1731,1723
1557,1607
590,586
356,419
903,817
239,1591
729,1684
937,172
497,1563
564,570
110,134
1163,1158
576,1627
1636,1607
481,306
219,306
213,757
298,306
721,409
36,306
576,1748
1731,1736
342,763
576,701
854,645
1626,636
437,771
239,786
724,306
338,765
200,306
1621,1231
1404,1462
590,720
567,1002
1769,1331
867,476
1612,1384
574,897
1570,1387
104,719
671,12
310,558
576,943
579,194
665,197
823,820
852,60
353,376
537,722
685,68
871,194
1557,1165
685,189
1683,1277
12,1372
239,102
1572,1180
1408,1715
807,788
1483,1108
504,787
799,1607
239,223
1722,306
820,1666
575,1606
199,272
355,556
576,1427
720,159
208,213
239,1512
858,1032
234,387
239,465
1703,306
1731,1536
623,576
721,919
239,1633
576,501
267,685
810,1607
576,1440
239,357
1006,1024
1414,1721
1023,1607
391,576
239,707
579,812
226,1448
342,576
807,935
576,514
562,579
576,1682
817,576
1607,1375
576,635
854,579
988,579
726,579
807,238
330,579
576,1803
239,720
935,689
1165,1151
585,576
543,579
844,1739
945,64
807,359
707,421
1457,1673
576,1695
1018,579
1607,1388
820,1237
719,138
720,1006
374,369
267,243
1607,1509
576,998
3,1365
1693,1283
576,769
1484,1109
307,315
64,557
235,1607
820,311
1281,1689
584,71
102,31
253,200
807,1540
576,1119
941,1769
896,306
239,36
702,706
721,719
344,732
1452,1463
536,673
773,357
1081,244
807,1661
423,732
1778,1340
362,264
807,614
1364,1700
853,730
209,665
457,501
522,896
489,719
731,1006
877,306
820,1721
820,1492
429,1607
721,732
576,314
576,85
1394,1700
380,1607
406,576
239,399
239,170
739,722
820,1613
1566,1174
721,853
63,1607
672,668
820,566
677,783
952,722
436,576
1695,1705
260,579
394,579
239,1459
588,1613
385,1513
1011,255
852,1659
1363,1609
576,1495
473,579
387,576
211,579
720,456
1019,1018
1442,1609
442,448
339,764
1576,1609
576,448
416,984
504,50
1586,1775
1393,1609
854,1560
1778,1716
637,579
466,697
576,1737
454,579
291,292
1423,1609
1731,1725
714,166
1731,1496
576,690
1689,1499
584,810
807,293
807,64
576,1629
1374,1609
882,881
720,819
579,880
549,708
576,811
576,582
1472,1097
1716,1723
1434,576
381,306
1587,1609
638,642
239,896
576,1750
6,1368
1031,573
576,932
356,663
552,309
576,703
1660,1269
735,467
807,306
941,306
239,788
545,306
913,473
590,722
153,721
579,75
496,306
1525,707
576,6
867,478
239,909
253,255
807,1595
285,207
1367,1703
721,545
788,306
72,99
820,487
724,550
902,822
907,900
833,722
1567,1175
579,317
739,306
660,13
1482,579
711,207
721,895
232,209
576,19
724,900
132,1025
556,306
1509,1126
854,902
807,790
807,561
504,789
724,1021
722,194
820,500
1021,261
852,1472
160,161
369,1503
730,728
452,454
716,1732
576,1429
20,982
267,1613
807,803
576,382
227,228
719,919
852,1485
415,693
576,1550
239,467
522,267
87,864
579,572
576,503
1551,1607
893,1607
1515,1132
1575,1183
761,404
1585,1605
530,508
1731,1430
1502,1607
576,395
844,1607
820,984
400,398
52,883
864,798
910,914
576,1563
923,1607
1453,1607
1532,439
103,296
576,516
763,342
685,688
576,1684
836,820
579,935
634,1625
68,719
797,340
747,748
291,468
1607,1377
492,0
356,368
239,1769
423,129
194,306
579,117
166,473
331,540
532,530
793,342
239,722
851,1744
247,583
930,576
407,306
1022,579
1731,1793
387,68
356,489
9,647
224,306
1457,1675
729,707
698,576
175,306
579,130
601,414
100,132
721,708
1681,1275
807,253
807,1650
576,1000
1481,1106
120,720
221,543
764,4
807,374
820,313
333,720
429,428
807,1542
356,852
566,433
579,372
807,724
251,543
707,557
751,600
484,485
720,1021
1775,1337
543,836
496,495
695,1607
719,732
576,195
853,732
724,847
517,783
159,846
512,1607
579,614
820,1494
935,249
1596,1715
992,783
790,797
852,251
576,316
576,87
176,382
406,807
576,1484
1696,1286
197,404
498,1564
1487,1112
174,457
1406,1712
554,678
576,437
239,1569
306,576
254,157
264,579
859,267
1631,1241
98,812
781,842
239,522
1760,897
874,1033
239,293
889,1607
1761,1765
576,558
732,576
864,732
690,579
1681,725
549,576
134,334
466,807
576,450
1794,1016
507,579
1479,1678
239,764
720,579
238,576
713,576
267,984
298,297
234,807
671,579
576,1739
719,61
173,302
1731,1727
1497,1560
134,576
504,1570
1719,1609
1457,1609
239,777
889,105
724,297
701,579
563,874
365,364
645,647
1670,1609
579,64
1540,1499
1550,1692
576,1752
737,357
811,306
1731,1740
356,665
453,1537
1700,1609
69,608
1024,306
628,306
1776,1338
1237,306
579,306
579,77
235,267
349,783
867,480
396,306
267,192
1607,1687
210,1607
1610,1692
734,301
807,550
347,306
641,783
716,1600
1564,1172
807,1718
748,357
371,370
543,891
1699,579
677,1645
18,740
374,1607
852,185
576,250
1035,306
253,270
239,335
744,736
807,792
239,1503
211,1441
1634,1244
858,1023
823,248
365,861
807,1731
119,576
576,263
213,211
1013,1018
591,800
576,1431
874,859
239,348
543,1025
1521,1609
369,579
625,505
576,1552
1555,1607
500,510
720,513
227,351
576,505
746,916
167,751
721,105
1512,1129
507,1573
579,924
902,382
1368,1609
356,357
208,230
576,626
719,934
807,0
576,1565
951,688
708,1684
1607,1487
1519,1374
208,351
576,518
576,1686
784,403
720,876
720,647
1607,1379
673,306
1758,1777
576,868
411,306
194,537
722,693
579,119
759,760
719,129
935,693
267,234
733,707
53,719
722,814
1596,1570
1622,576
818,522
441,306
820,73
1537,1148
981,930
513,1579
888,473
258,306
356,841
879,882
390,196
1678,1272
83,719
13,660
807,1652
698,699
288,306
297,540
333,722
859,243
1770,1332
1512,579
376,540
720,84
820,436
135,333
184,720
905,251
547,543
239,390
442,1015
266,264
1804,579
807,847
1607,708
1383,1717
1701,306
357,274
343,376
267,1778
852,253
67,441
1513,1130
1573,1181
247,264
820,1617
752,665
628,629
239,1571
820,799
138,213
1628,1238
267,852
14,406
468,613
576,1607
734,732
376,1024
211,462
579,629
357,516
1499,306
613,213
1633,306
351,213
623,635
382,1512
576,331
856,614
553,576
1026,1025
267,973
1712,306
576,1499
294,352
528,519
1264,1607
1028,576
576,681
741,748
801,799
823,329
523,525
807,55
239,766
576,1620
239,537
500,807
632,468
576,802
1032,1607
576,573
400,576
534,576
1150,579
1579,1187
576,1741
719,63
335,366
833,579
631,630
606,802
1664,1675
430,576
807,297
239,779
719,184
784,579
1479,1104
522,579
1691,731
762,2
777,576
721,415
1612,1377
807,189
1704,1609
902,692
807,1586
356,667
576,936
579,187
1783,1609
719,426
1787,1499
219,783
360,264
580,533
1607,1568
807,1478
557,549
23,615
79,1419
807,660
707,722
531,533
1369,1632
830,829
833,834
807,1599
390,264
596,598
202,213
1423,1050
807,781
631,67
1694,1284
684,1650
999,722
580,775
1404,1710
409,893
719,1607
371,372
579,321
670,668
596,719
413,783
802,595
251,721
576,252
1118,306
576,23
232,213
779,840
820,612
572,547
267,436
807,794
394,396
865,247
466,501
373,1505
760,719
438,439
1779,1341
68,576
1479,325
730,732
556,1599
576,494
239,1626
576,265
820,854
239,579
576,1433
373,579
466,1561
1639,664
664,499
208,219
232,576
452,579
961,722
586,579
190,579
267,799
1421,1609
576,1554
239,471
269,579
403,579
410,1521
7,579
576,507
820,867
1522,1139
1582,1190
1028,1799
105,104
575,807
616,579
576,1675
1708,777
1585,1609
239,1760
903,757
1541,1539
474,580
1664,1609
1402,1609
707,64
724,462
550,346
765,5
687,580
1607,1489
1731,1784
754,755
1779,1717
1457,1666
251,171
1457,1437
237,236
987,993
1432,1609
1607,1381
579,121
807,473
573,306
576,991
356,722
53,721
786,306
1684,1685
576,762
1373,1042
569,722
1458,1086
267,357
737,306
981,932
520,308
1614,579
356,843
576,883
1426,1053
1541,1794
610,467
668,1640
124,722
1607,576
688,306
292,306
715,897
825,540
374,375
938,417
649,543
807,1654
953,954
576,1004
767,306
371,306
579,484
505,306
782,843
1395,1043
416,722
239,271
459,540
356,856
579,376
720,86
1787,1688
1782,1344
184,722
807,1667
827,828
239,163
748,306
935,132
1556,479
807,620
576,199
195,507
721,28
715,213
1432,1059
466,677
1510,1127
522,1023
854,264
1709,778
666,213
131,54
783,734
628,631
576,441
672,674
484,852
410,408
370,1504
745,627
454,451
211,464
82,579
1716,306
1795,1353
356,293
722,616
686,693
837,337
267,975
279,46
1010,36
576,1501
1481,1607
402,116
1028,807
576,683
576,454
1386,1720
902,1607
576,1622
467,632
1773,1607
267,49
576,804
356,306
820,935
1516,1133
1535,1146
714,1677
1719,1492
979,928
239,889
944,449
173,306
830,576
217,349
576,925
576,696
1018,1795
1591,1199
823,573
909,576
647,576
1461,1089
1793,1791
807,299
1717,786
239,1010
239,781
820,238
724,301
517,466
355,175
807,1467
411,484
576,817
818,579
987,122
708,707
642,353
721,417
239,902
1570,1382
773,284
154,306
897,579
1031,579
635,579
239,84
848,579
724,543
807,1480
722,884
357,197
518,825
719,549
741,79
1607,1691
313,312
473,264
672,1642
897,1760
1571,1179
375,372
807,783
820,493
1401,1707
327,331
1416,1049
1519,1699
315,213
17,556
576,254
53,213
939,306
812,1019
852,1586
463,1545
570,1607
807,796
600,732
1627,306
667,264
1798,1356
576,1543
239,460
285,576
482,861
282,49
820,856
820,627
1010,199
576,1664
576,1435
579,915
577,576
217,270
807,1038
576,617
239,1749
485,1024
273,579
567,568
570,573
0,686
1113,1495
576,1556
1407,1713
239,473
579,807
882,579
1771,943
1519,1136
576,509
239,1641
345,576
1002,617
430,391
789,738
1668,1609
356,590
1576,1791
576,630
254,579
579,110
699,700
239,944
576,1798
113,576
724,235
734,923
1018,453
870,1750
467,579
1804,1362
1607,1491
991,993
1436,1609
881,569
807,354
19,833
817,813
239,836
1450,231
820,64
1607,1383
442,643
543,466
579,123
529,531
790,306
710,579
807,1643
576,993
1692,1282
807,596
215,721
820,306
369,370
484,357
1685,1279
645,719
939,937
576,885
935,0
1002,993
1033,306
702,701
375,306
499,601
576,67
724,719
536,668
850,306
588,306
576,1006
1727,579
997,999
1422,1700
224,783
1609,1526
801,306
405,306
554,1597
807,1777
65,386
579,607
1373,1636
576,309
576,80
746,720
1787,1690
576,1477
1708,579
