696,1658
239,306,576,579,807,1117,1499
42,503,576,579,738
239,306,576,579,687,807,1652
159,251,543,846
1046,1398
473,478,479,576,861,867
239,306,505,576,579,807,1571
429,576,1524,1607
239,306,398,399
1413,1607,1609,1694,1720
45,278,504,785
1305,1743
260,576,1461,1607
267,657,659
239,306,388,391
7,579,767,807
1539,1541,1607,1787,1794
1306,1744
1338,1776
46,1410
267,306,357,576,820,898,1607,1694
15,197,556,590
63,64,576,719,720
239,306,576,595,802
75,357,576,579,734,817
1339,1777
239,306,455,456,576
452,453,579,807
1155,1547
576,893,1607,1756
576,1106,1481,1607
579,724,726,727
39,267,306,778,820,981
1457,1609,1665,1666
716,811,1678,1732
564,575,820,836
1188,1580
579,580,732
42,267,306,738,781,820
267,322,378,706,1027
576,719,720,770,950
1189,1581
507,536,579,807
1531,1532,1603,1604
67,68,264,316,387,441,576,685
147,197,356,576,592,665
542,543
459,579,622
239,306,576,579,725,807,1681
239,306,576,579,807
1576,1607,1609,1791,1793
166,576,630,633
576,626,1607,1624
239,306,495,496,576
293,357,576,900,903
576,579,707,708,732,1607
239,306,576,623,626
239,306,378,576,579,807,1508
428,429,579,807
576,1166,1558,1607
473,476,477,576,861,867
30,51,576,721,722
376,576,702,703,820
14,197,404,761
1122,1504
707,708,1607,1609,1773,1774
262,466
274,348,540,543,576,852
174,576,719,720,750
513,576,1579,1607
113,579,919
576,707,708,719,720
1345,1783
576,579,719,720,724,729
576,719,720,728,730,732
308,369,372,520
433,566,627,820
576,1105,1480,1607
460,467,468,473,480,576
1609,1671,1675
356,576,776,837
226,576,1448,1607
487,488,521,576,579,634,732,895
146,213,357,613
579,625,691,807
344,423,576,719,720
1484,1568,1599,1607,1609
356,576,777,838
1421,1609,1701,1779
223,226,852
576,690,1607,1654
853,854,1609,1684,1685
1287,1697
239,306,576,579,762,807,1700
576,579,707,708,945,946
218,576,820,993,1024
1224,1614
254,847,850,852
239,306,442,450
576,721,722,746,916
549,557,707,708
536,668,670,671
239,306,374,576,579,807,1506
36,239,306,576,579,807,1400
1158,1166,1167
239,254,306,576,579,807,1458
338,376,576,765,820
239,306,376,540,543,576,579,807,1024
90,557,579,807
356,664,719,720,852
1246,1637
536,668,671,672
576,636,1607,1626
239,306,576,579,792,807,1723
332,1482
197,576,579,736,743
507,536,579,954
1247,1638
576,880,1607,1752
1099,1474
576,655,656,986,1002
579,807,849,850
58,576,1416,1607
239,306,1002,1024
1100,1475
239,306,576,579,653,807,1633
291,576,1469,1607
290,507,579,609
1572,1599,1607,1609,1754
576,721,722,951,952
894,1757
293,576,1471,1607
180,544
576,1163,1555,1607
24,108,579
445,447,579
197,576,713,807,980
195,507,576,721,722
239,306,576,579,672,807,1642
1308,1746
48,1412
1490,1596,1717
1117,1215,1217,1220,1222
576,799,1607,1729
553,555,579,807
519,528,576,1002,1008
63,64,576,721,722
239,306,576,579,596,807,1615
208,716,1439,1678
549,557,576,719,720
576,663,1607,1638
576,1094,1469,1607
247,264,363,576,790
239,306,564,570,576
445,446
499,707,708,902
267,306,357,396,576,820,1516,1607
1176,1568
1069,1442
43,283,503,790
42,282,503,789
1051,1424
179,183
239,255,306,576,579,807,1459
54,826
100,132,213,357,576,579
489,579,989,990
1209,1601
55,104,807
239,306,576,857,858
1253,1644
393,396,467,468
116,139,576,719,720
74,579,692
224,783,852,1446
1459,1609,1664,1675
219,224
576,579,719,720,904,905
529,531,576,579,721,722
365,576,1502,1607
155,251,543,845
576,579,721,722,902,908
564,576,623,721,722,724
239,306,336,376
196,197,254,356,808
724,1680
1411,1462,1635,1718
239,306,331,356,576,724
410,411,579,823
1124,1507
239,306,576,654,655
579,866,1028,1032
408,410,579,807
44,277,504,784
120,143,576,719,720
576,944,1607,1772
579,790,797,807
288,862
211,213,357,576,719,720
1314,1752
63,64,576,577,1607
570,575,807,858
1586,1609,1775
208,219,517,579
82,85,239,306,576,579,719,720,807
1315,1753
239,306,576,579,671,807,1641
254,382,913,914
1489,1596,1716
239,306,576,579,794,807,1725
427,430,576,579,807
1407,1607,1609,1695,1713
1444,1445,1609,1731
1182,1574
338,355,576,579,765
576,579,738,740,807
356,576,779,840
238,239,306,576,579,807,1453
469,572,604
197,267,306,736,743,820
134,197,334,356,576,665
1226,1616
373,576,1505,1607
208,231,382,576,581
442,448,576,617,643
1227,1617
18,556,576,740,807
364,365,473,576,861,867
239,250,306,491,576,807
391,430,576,579,724
413,470,647
267,306,357,576,810,820,1607,1612
536,668,673,674
61,576,618,719,720
256,356,576,852
466,783,852,1561
239,286,306,576,774
267,306,543,548,820,961
156,783,807,890
1389,1607,1609,1613,1703
1376,1607,1609,1709,1779
1436,1464,1465,1609
413,579,614,807,856
239,306,576,579,807,897,1760
358,576,1498,1607
101,171,356,576
289,519,576,1002,1006
239,306,576,579,710,807,1661
251,356,616,721,722
576,647,711,721,722
692,852,902
570,576,1602,1607
473,576,800,821
690,1654
1405,1607,1609,1613,1711
576,579,741,742,807
7,239,306,576,767
1138,1521
576,1151,1543,1607
251,543,799,805
270,576,1466,1607
239,306,475,576,579,807,1552
564,570,579,807
364,365,467,468,473,576
306,437,576,771,820
44,403,504,576,579
267,306,357,576,820,928,1607,1778
413,711,807
1491,1607,1609,1702,1718
197,404,406,576,807
239,306,576,579,793,807,1724
549,557,576,721,722
1082,1454
205,251,356,576,732,895,902,925
307,315,467,468
50,504,576,579,741
1071,1444
117,140,576,721,722
111,576,1427,1607
1457,1609,1669,1676
32,179,239,301,306,576,807
339,376,576,764,820
137,197,356,576,590,665
336,398,567,568,579
114,137,576,721,722
1255,1646
553,556,579,807
576,579,600,751,902
1256,1647
1108,1483
43,267,306,741,782,820
309,347,576,719,720
576,645,1607,1629
39,279,503,786
176,356,576,771
297,576,1473,1607
1388,1519,1599,1607,1609
239,306,576,579,788,807,1719
1043,1395
239,306,476,576,579,807,1553
579,734,923
1609,1731,1800,1801
353,376,637,820
576,721,722,992,999
158,356,543,576
1276,1682
2,1364
576,648,1607,1630
579,675,677,807
112,135,576,721,722
1277,1683
217,219,239,306,576
60,501,852
236,237,239,306,576
207,579,580,711,724,732
576,719,720,732,1018,1019
197,357,665,666
69,356,549,576
1317,1755
927,932
239,306,442,449
686,693,721,722
161,348,540,543
1152,1544
1184,1576
579,597,598,807
543,579,902,904
301,397,522,573,576,623,807
239,254,306,576,807,997,999
184,576,618,719,720
152,213,357,405
65,807,943,944
1185,1577
572,576,579,644,651
1078,1451
1217,1609
579,786,793,807
484,485,576,721,722
356,576,734,852
1218,1610
1229,1619
239,255,306,576,807,1010,1011
487,488,576,721,722
625,716,1623,1678
576,896,1607,1759
20,556,576,807,982
301,576,614,853,854
168,348,852
61,576,618,721,722
89,154
507,783,852,1586
355,376,576,579,820
267,306,527,573,576
576,644,1607,1628
139,213,357,396
239,306,576,605,803
467,468,610,613
184,537,576,721,722
239,292,306,576,579,807,1470
247,264,361,576,782
260,261,576,579
576,660,1607,1636
114,579,916
383,579,583,724,852
29,132,579
239,306,576,606,804
1388,1519,1607,1609,1699
9,1371
1459,1672,1674
576,1264,1607,1655
357,403,405,576,579
213,231,357,884
174,457,576,579,719,720
1323,1761
267,306,596,599,820,963
471,498
1549,1550,1607,1609,1692
200,239,306,576,579,807,1437
167,211,852
1466,1666
267,306,576,836,859
1006,1007
343,355,576,579,762
261,356,576,579,724,1021
254,716,1458,1678
1007,1008
223,224,239,306,576
239,306,1002,1013
0,576,935,1003,1004
263,576,719,720,922
239,306,321,576,579,807,1478
379,576,895,926,978
145,197,356,404,576,665
1084,1456
239,306,576,579,807,1076,1449
460,473,480,487,488,576
1366,1609,1702,1731
576,807,1607,1731
211,248,366,576,579,823
385,576,1513,1607
1368,1609,1704,1731
1085,1457
343,376,576,762,820
553,1596
1236,1626
267,579,773,807
97,564,576,579
1074,1447
197,267,306,394,395,820
579,623,626,807
251,543,1004,1005
386,576,1514,1607
239,306,576,579,765,807,1703
239,306,576,579,684,807,1650
580,732,775,850
1258,1649
130,152,576,719,720
41,503,576,579,586
353,355,576,643,804
340,355,576,579,767
1259,1650
197,639,652,713
1609,1731,1769,1770
500,672,674,807
1520,1521,1609,1731
454,484,485,576,579,1024
783,807,992,993
576,592,719,720,934
1045,1397
645,852,853,854
356,576,753,846
1387,1607,1609,1695,1721
253,847,850,852
239,306,509,510,576
191,431,576,718,726
1424,1452,1609,1731
576,579,719,720,768,769
95,234,306,437
175,239,306,576,811
66,211,501
240,306,500,576,820
1279,1685
239,306,576,579,753,807,1697
576,580,732,733
1337,1775
17,556,576,742,807
239,306,576,579,688,807,1653
25,26,306,576,820
46,267,306,786,820,981
1574,1575
127,150,576,721,722
1496,1513,1609,1731
514,576,719,720,920
576,1038,1607,1804
1154,1546
16,197,556,770
93,1421
473,481,482,576,861,867
65,234,386,807
1187,1579
129,423,576,579,719,720,732
466,507
413,501
301,902,1475,1761
1102,1477
267,306,357,768,798,820
239,306,576,868,869
239,306,576,579,789,807,1720
493,579,591,800,820
196,264,266,390
1264,1655
61,537,576,721,722
208,233,239,306
370,576,1504,1607
356,719,720,1005,1009
197,356,560,576,665,752
306,576,705,706,820
239,306,356,390,441,576,807
239,306,572,574,576,807,897
1121,1503
550,576,1593,1607
1311,1749
538,576,1588,1607
552,576,1595,1607
1040,1371
197,267,306,713,820,979
612,626,807,858
1001,1788
1344,1782
239,306,336,355
89,239,306,554,576
664,902,1639,1761
1053,1426
576,579,807,937,939
576,579,721,722,813,814
576,607,721,722,752
356,1497
1193,1585
306,576,820,884,885
197,267,306,584,770,820
1223,1613
1194,1586
521,557,576,579,719,720
576,902,1607,1761
1492,1596,1719
561,562,579,807
1087,1459
494,536
380,576,1510,1607
1238,1628
172,267,306,356,416,456,576,579,628,629,721,722,820
496,507,579,660
267,378,576,579,701,702,706
28,576,721,722,933
239,306,474,576,579,807,1550
554,576,608,719,720
395,576,721,722,931
197,576,739,740,807
0,489,576,579,935
208,213,315,318
421,707,708,754
239,242,576,602,652
4,579,764,807
264,265,356,576
301,499,724
576,579,623,635,820
1609,1731,1793,1797
576,579,820,827,828
413,556,853,854
509,536,579,681
576,579,623,719,720,1030
415,576,721,722,935
41,281,503,788
239,306,359,576,579,807,1499
707,708,1529,1530
239,306,346,576,579,807,1483
576,578,579,627,719,720
356,576,781,842
332,576,1482,1607
467,468,576,632,633
996,1001,1011,1013
576,579,707,708,729,730,1607
356,576,782,843
379,576,683,852,926
18,197,739,766
341,376,576,766,820
357,576,579,932,981
466,494,579,807
447,450,500,576,820
254,257,267,306,820,955
287,871
239,306,576,579,779,807,1710
338,355,576,841,884
1574,1576,1609,1731
163,250,489,576,579,719,720
576,579,586,587,807
239,306,470,471,576
989,1001,1002,1003
567,568,571,572
341,355,576,579,766
545,546,576,721,722,807
213,356,357,719,720,852
14,197,404,556
211,464,576,719,720
253,467,468,579,724,852
1104,1479
109,307,579
1489,1607,1609,1700,1716
377,576,1124,1215
1459,1609,1663,1674
197,640,653,713
112,579,918
180,576,579,816
239,306,576,889,890
576,1160,1552,1607
1374,1519,1569,1607,1609
357,394,396,576,579
1380,1569,1607,1609,1695
217,219,349,579
1398,1430,1607,1609
34,182,576,579,724
301,576,1475,1607
337,355,576,579,761
318,576,1477,1607
576,721,722,918,930
239,306,561,563,576
1443,1607,1609,1789,1793
576,719,720,853,854
579,785,792,807
1312,1750
1273,1679
239,306,576,579,807,1149,1540
531,533,579,580,724,732
1609,1715,1722,1731
306,326,820
509,536,579,648
1313,1751
1385,1607,1609,1613,1719
239,306,576,579,649,807,1631
576,721,722,829,830
1349,1790
1042,1373
47,504,576,579,584
46,504,576,579,981
1346,1784
81,86,239,306,576,579,719,720,807
239,275,576,579
433,627
239,306,576,579,778,807,1709
1056,1429
187,576,579,686
1507,1508,1607,1609,1692
576,579,723,859,1682
1492,1607,1609,1703,1719
1517,1518,1609,1731
395,576,719,720,931
213,233,357,807
1225,1615
40,267,306,584,779,820
1196,1588
208,351,734
239,306,576,579,668,807,1640
239,306,377,576,579,807,1507
516,517
239,258,306,576,579,807,1460
716,813,1678,1733
1111,1486
234,235,807,858
311,312,573,576,820
239,306,509,576,579,807,1574
386,429,576,579,724
576,1032,1607,1801
575,576,1606,1607
239,306,347,576,579,807,1484
517,783,852,1582
79,556,576,579,741
239,306,522,573
306,657,658,820
495,844
23,579,615,852
239,306,576,579,807,896,1759
367,573,579,820
197,267,306,586,590,820
1114,1496
173,302,576,721,722,807
239,306,540,576,579,807,1591
243,267,576,579,859
4,1366
579,775,807,851
58,263,579
466,517,579,724
69,554,576,719,720
53,576,719,720,941
576,1035,1607,1802
211,462,724
199,239,306,576,579,807,1436
1319,1757
580,664,732,734
239,306,576,579,593,807,1614
239,306,507,536,576
508,530,576,1002,1006
807,858,1018,1023
213,289,357,860
576,579,584,585,807
1320,1758
1377,1607,1609,1612,1710
677,783,852,1645
576,732,733,853,854
199,268,269,579
151,168,745,820
339,355,556,576,794
128,576,709,721,722
1169,1561
239,306,576,579,786,807,1717
1379,1607,1609,1694,1712
299,300,571,572,579
200,268,270,579
228,229,247,264
239,306,576,579,761,807,1699
239,306,556,576,579,807,1599
1232,1622
246,579,846,1022
356,576,579,805,819
344,576,719,720,732,824
125,148,576,721,722
253,255,579
253,254
539,576,1589,1607
1254,1645
1585,1605,1607,1609,1731
1454,1471,1497,1607
669,783,852,1640
707,708,1607,1609,1680,1684
126,579,747
1567,1607,1609,1790,1793
576,579,729,730,853,854,1607
1365,1609,1701,1731
1425,1513,1609,1731
579,807,845,884
1609,1731,1747,1749
576,995,1002,1014,1015
458,560,576,721,722
91,92,852
1367,1609,1703,1731
239,306,576,579,652,807,1632
154,155,576,719,720
158,529,543,579
1488,1596,1715
453,576,1537,1607
504,553,556,576,579
340,376,576,767,820
423,576,600,732
162,163,239,306,576
301,499,576,614,902
38,278,503,785
1125,1508
20,197,556,930
239,306,576,579,807,1281,1689
719,720,721,722
214,576,711,721,722
1275,1681
1,1363
76,456,576,721,722
267,576,579,719,727
335,366,576,724
141,197,356,576,665,736
239,306,579,718,726,807,820,836
1215,1217,1221,1222,1242
199,200,253,579
499,579,664
197,394,395,576,579
1352,1793
239,306,576,579,785,807,1716
1183,1575
63,64,1525,1526,1609
392,489,576,871
1058,1431
855,1746
1216,1608
1260,1651
239,306,480,576,579,807,1557
1091,1464
227,351,579
487,488,576,719,720
727,1682
1261,1652
239,306,576,579,807,1118,1500
500,507
67,239,306,576,579,807,909,910,913,914
1523,1524,1609,1731
239,306,357,807,813,817
239,306,547,550,572,576,807
166,576,909,912
296,783,852,1472
369,576,1503,1607
1047,1399
1393,1599,1607,1609,1779
500,671,672,807
1116,1498
43,503,576,579,741
1048,1400
549,557,853,854
170,172,239,306,576
135,197,333,356,576,665
291,292,473,487,488,576
7,1369
87,153,576,579,721,722
1394,1607,1609,1700,1778
239,306,576,579,767,807,1705
537,576,1587,1607
1321,1759
348,615
247,264,576,583,685
251,543,750,806
473,1549
349,783,852,1485
1363,1609,1699,1731
1322,1760
1156,1548
178,576,719,720,1018
310,500,807
194,195,576,579
19,543,576,579,719,720
160,161,576,852
36,198,199,579
753,846,1697,1741
1157,1549
234,247,579,865
239,306,576,1034,1037
579,603,1017
244,576,1081,1215
1596,1598,1609,1731
452,454,576,579,820
1190,1582
267,311,378,702,706
239,306,467,468,473,576,579,807,909,910,913,914
1233,1623
197,576,585,770,807
1065,1438
111,414,576,579,719,720,732
902,923,1761,1764
331,759,760,807
1083,1455
239,306,553,556,576
1234,1624
200,271,273,579
525,564,576,579,676
716,941,1678,1769
576,664,719,720,734
1457,1672,1675
438,439,1531,1532
57,194,579
482,576,1559,1607
197,590,638,640
576,618,1607,1619
868,870
57,501,852
523,525,579
336,398,579,951,952
1123,1505
1449,1499,1785,1788
293,753,1471,1697
579,734,924
356,357,576,665,667,749
316,317,576,579,719,720
1295,1733
473,576,878,888
576,579,719,720,1006,1009
63,64,576,579,945,946
457,466,501,874
237,245,573,576,820
1145,1528
500,510,1006,1007
199,239,306,576,807,999,1010
1328,1766
1607,1688,1690,1691,1787
576,1165,1557,1607
466,472,579,807
676,677
253,272,273,579
378,1508
251,543,891,892
576,579,719,720,1020,1028
3,579,763,807
853,854,1529,1530
239,306,576,579,638,807,1627
336,376,576,579,807
40,280,503,787
576,1145,1528,1607
528,576,731,1002,1006
527,576,579,807,818
1089,1461
343,355,576,838,884
267,306,357,820,877,901
1609,1720,1727,1731
356,576,694,817
239,306,576,579,807,1607
357,576,579,737,743
1409,1607,1609,1716,1778
497,539
288,576,1467,1607
467,468,473,478,479,576
1262,1653
239,306,576,579,782,807,1713
215,221,239,306
466,807,1547,1731
498,576,1564,1607
576,579,596,598,719,720
1263,1654
27,474,480,576,579
338,355,556,576,795
489,490,756,758
576,719,720,853,854,1607
507,576,954,1002,1006
131,501,624
1607,1687,1691,1787
184,576,1433,1607
1590,1607,1609,1792,1793
200,239,306,576,807,999,1012
247,264,362,576,788
150,197,356,576,665,713
213,357,757,903
213,221,357,543,576
346,382,550,579
194,356,721,722,871
17,197,556,746
177,432,867
576,991,1000,1672,1673
63,64,1607,1609,1773,1774
254,576,1458,1607
509,576,1574,1607
211,304,550
1436,1437,1457,1609
1609,1731,1740,1754
385,576,579,724,1023
1148,1537
511,576,1577,1607
267,297,301,306,576,724,820
24,153,213,357
579,827,831
96,251,543,984
1158,1550
492,579,623
467,468,747,898
316,576,1476,1607
576,579,807,979,980
417,420
291,292,467,468,473,576
72,100,579
197,267,306,820,930,981
1052,1425
1191,1583
239,306,572,576,579,807,1604
411,484,485,573,576,579
0,239,306,489,807,935
514,783,852,1580
813,817,902,903
1411,1607,1609,1612,1718
142,213,315,357
1192,1584
310,558
322,323,573,576,820
576,991,1000,1672
19,576,721,722,833
1107,1482
1408,1519,1607,1609,1715
467,468,589,810
63,64,549,557
239,306,576,873,874
267,306,660,661,820,966
1269,1660
645,707,708,852
466,576,697,719,720
1394,1599,1607,1609,1778
576,658,1607,1634
197,576,736,744
1270,1661
239,306,576,579,781,807,1712
725,1681
251,301,543,734
340,355,556,576,797
71,556,576,579,584
197,576,742,746,807
993,1001,1013,1014
239,306,357,437,576
579,719,721,807
550,716,1593,1678
462,503,556,576,579
1297,1735
37,1401
357,605,903,906
120,579,589
38,1402
859,871
306,576,719,727,820
1406,1607,1609,1694,1712
29,256,576,721,722
267,306,576,579,820
902,924,1761,1765
264,356,368,387,685,822
575,1606
49,504,576,579,738
267,306,820,973,976,977
356,576,755,1013
306,391,484,485,576,579
239,306,364,576,579,807,1501
140,197,356,395,576,665
1198,1590
576,1342,1607,1780
239,306,576,579,763,807,1701
515,922
274,820,826,836
252,576,1456,1607
1228,1618
1199,1591
1571,1599,1607,1609,1623
848,1742
579,603,724,816
579,803,807,941
576,1161,1553,1607
49,282,504,789
41,267,306,586,780,820
99,101,576,719,720
253,579,1010,1012
1417,1609,1613,1703
113,136,576,721,722
267,306,540,541,820,960
535,576,617,1002,1006
576,583,685,695
576,577,853,854,1607
93,556,576,579,981
239,306,576,579,764,807,1702
239,306,576,579,780,807,1711
301,327,331,576,807
312,313,573,576,820
536,579,672,674
197,284,357,576,773
239,306,576,579,636,807,1626
467,468,473,474,576
494,507,579,899
1404,1607,1609,1612,1710
1367,1542,1632,1711
108,576,719,720,757
576,719,720,746,916
63,64,576,719,720,1607
576,1119,1501,1607
347,576,1484,1607
412,413,783,852
814,1734
576,883,1607,1753
534,576,719,720,908
342,355,576,579,763
579,807,953,954
239,306,328,576,579,807,1480
576,1280,1607,1686
724,852,883
1488,1607,1609,1699,1715
1348,1789
154,239,306,554,576
1041,1372
355,385,522,573,576
783,852,899,1762
407,522,579,951,952
267,306,357,576,588,820,1607,1613
1054,1427
225,239,271,306,576,579
1457,1609,1671,1672
106,166,474,576,579,714,728
493,627,820,1000
1055,1428
1591,1592,1609,1680
171,251,543,649
252,301,356,576
45,267,306,785,820,979
239,306,518,550,576,807,825
49,267,306,738,789,820
238,245,564,576,863
417,576,721,722,938
1109,1484
306,436,576,726,820
68,576,909,910
576,889,1607,1755
576,941,1607,1769
678,783,852,1647
173,239,301,306
239,306,329,576,579,807,1481
1127,1510
522,579,818,820
576,577,707,708,1607
355,385,579,807
386,389,579,807
1609,1731,1783,1784
3,1365
126,149,576,719,720
1128,1511
252,267,306,576,772,811,820
1609,1666,1667
410,576,1521,1607
217,268,271,579
576,725,1607,1681
1318,1756
201,254,543,579
125,579,949
40,1404
239,306,540,543,576,724,807
239,253,255,306,576,807
1383,1607,1609,1717,1779
577,1608
267,306,357,576,748,820,1607,1695
268,576,1464,1607
576,773,774,895,951,952
1168,1560
1061,1434
238,306,329,576,823
69,185,852
1200,1592
190,576,1434,1607
339,355,576,579,764
239,306,543,545
499,902,1565,1761
415,449,452,693
1230,1620
1289,1706
1201,1593
123,146,576,719,720
239,306,576,849,850
1245,1636
576,707,708,1497,1560,1607
341,355,556,576,796
1420,1609,1694,1704
576,852,1607,1745
462,576,1544,1607
473,576,1549,1607
536,579,670,671
576,729,1607,1684
63,64,413,556
37,277,503,784
536,579,671,672
1567,1586,1609,1731
576,1113,1495,1607
204,576,604,719,720
103,356,576,1034
579,682,808,809
575,576,579,724,1028
314,318,576,579,719,720
239,240,558,576
466,517,540,543
337,355,556,576,791
588,589
1291,1729
576,579,612,719,720,1028
466,576,719,720,876
248,489,573,576,579
1324,1762
37,267,306,403,776,820
576,592,721,722,934
1609,1719,1726,1731
74,75,579
239,306,576,579,777,807,1708
1378,1607,1609,1613,1711
469,487,488,576,579,710,732,895
1570,1596,1599,1607,1609
576,707,708,732,733
122,197,987,993
576,1310,1607,1748
144,197,320,356,576,665
239,306,483,491,540,543,576,579,807
1174,1566
357,576,579,928,979
572,651,711
1350,1791
246,293,1454,1471
1374,1519,1607,1609,1707
1207,1599
573,576,702,704,820
1086,1458
239,306,487,576,867
306,576,579,635,724
1457,1609,1662,1665
239,388,579,951,952
576,769,1607,1706
98,579,719,720,812
13,356,576,660
576,579,807,820
267,306,576,579,783,807,852
497,576,679,719,720
0,64,68,166,189,213,238,239,254,264,293,297,301,306,313,316,325,348,354,357,358,376,378,382,391,400,411,450,460,467,473,474,540,543,550,558,572,573,576,579,591,596,620,636,649,659,660,666,685,690,693,696,701,703,704,707,719,720,721,722,724,725,779,780,782,787,788,790,799,800,807,820,833,846,850,854,867,884,888,896,897,903,935,939,941,976,984,1000,1024,1025,1038,1117,1491,1492,1494,1662,1664,1666,1667,1669,1710,1711,1713,1718,1719,1721
576,579,719,720,902,908
576,579,581,721,722,895
62,132,579,693,935
80,1420
197,267,306,738,739,820
1112,1487
239,306,576,859,866
644,852,853,854
64,247,264,576,707
1094,1095,1158
11,357,419,576,579
356,663,719,720,852
1129,1512
1397,1426,1607,1609
68,166,264,387,473,576,659,685,719,720,744
412,466,501
197,576,579,586,590
5,1367
65,410,575,807
1130,1513
231,1450
579,624,884,976
543,576,1592,1607
239,306,576,675,677
413,501,921
1280,1686
6,1368
239,306,576,579,776,807,1707
65,453,807,1018
1609,1668,1669
239,306,381,576,579,807,1511
239,306,576,579,800,807,1730
414,576,601,732
404,576,721,722,929
302,576,605,721,722
213,357,443,444,576
297,301,579,724
434,435,579,707,708
185,511,579
1170,1562
1063,1436
239,306,522,564
399,401,579,807
1391,1607,1609,1695,1705
239,306,576,579,807,915,1763
239,306,504,576,579,807,1570
1265,1656
64,356,419,576,745,820
355,373,579,859
251,543,576,579,721,722,724
1364,1609,1700,1731
219,225,579,644
267,306,620,621,820,964
1383,1570,1607,1609,1779
260,356,579,580,732,1020
1381,1519,1570,1607,1609
138,213,357,737
287,579,641,783,807
536,579,673,674
235,239,267,306,576
716,833,1678,1737
239,306,576,936,937
3,239,306,576,763
1136,1519
467,468,927,928
239,306,481,576,579,807,1558
1293,1731
449,450,576,579,820
122,197,576,986,988
77,88,355
357,576,579,611,613
248,418
239,306,576,579,784,807,1715
1294,1732
1326,1764
235,576,579,626,724
1327,1765
337,355,576,837,884
118,141,576,721,722
49,1413
239,306,555,576,579,807,1598
54,131,356,576,579
30,133,579
1377,1569,1607,1609,1612
467,468,576,911,912
239,301,306,576,579,807,1475
239,276,306,576,579
306,576,698,699,820
1490,1607,1609,1701,1717
401,576,1518,1607
77,484,485,576,578,579
579,580,685,687
98,576,579,709,724
364,365,473,487,488,576
290,783,852,1468
1088,1460
1239,1629
227,228
208,211,576,579,719,720
267,397,499
87,864
239,242,576,606,802
1375,1607,1609,1708,1778
576,695,1607,1657
175,176,355,376,382,576,820
728,1683
239,297,306,576,579,807,1473
239,306,576,579,620,807,1620
239,306,369,576,579,807,1503
267,306,576,743,744,820
694,903
206,208,210,213
1372,1641
1574,1586,1609,1630
576,991,993,996,1002
522,525,576,579,675
576,579,619,635,807
156,348,807
239,306,357,369,372,807
158,576,1431,1607
449,579,807,944
254,382,628,629
497,576,1563,1607
31,102,576,719,720
517,807,1583,1731
1146,1535
1609,1717,1724,1731
499,576,1565,1607
373,385,579,866
1403,1607,1609,1709,1779
337,376,576,761,820
239,288,306,576,579,807,1467
500,558,807
72,99,579
536,576,1586,1607
747,748
1050,1423
579,807,1030,1032
45,504,576,579,979
579,680,712
381,579,581,724,852
192,420,521
1375,1569,1607,1609,1778
199,271,272,579
460,576,1543,1607
851,1744
239,306,576,579,807,1237,1627
1533,1534,1603,1604
36,239,306,576,807,998,1010
479,576,1556,1607
239,306,358,576,579,807,1498
461,579,607
1267,1658
239,306,536,576,579,807,1586
50,283,504,790
356,664,721,722,852
576,719,720,775,850
1268,1659
460,473,480,576,861,867
1499,1500,1787,1788
208,213,267,306,357,820
301,576,580,614,732
1430,1609,1731,1797
697,783,852,1659
465,783,852,1561
59,60,239,306,576
102,103,239,306,576
239,306,407,408
1609,1662,1663
576,681,1607,1648
871,1033
2,579,762,807
1296,1734
1390,1599,1607,1609,1612
48,281,504,788
1607,1687,1688,1691,1787
34,489,573,576,579,820
872,1034
1329,1767
48,504,576,579,586
1282,1692
1457,1609,1665,1670
524,526,576,721,722
1057,1430
1354,1796
435,1526
576,1159,1551,1607
990,1785
576,833,1607,1737
1457,1609,1666,1671
239,306,576,579,807,1243,1633
78,724,941
1197,1589
551,1594
1090,1463
1483,1592,1604,1609
576,721,722,739,949
192,193,267,306,576
1072,1445
467,468,576,721,722
513,576,719,720,922
426,576,719,720,940
1241,1631
1369,1542,1632,1713
208,211,576,579,721,722
1380,1607,1609,1695,1713
340,355,576,843,884
132,254,852,1025
267,306,820,884,887,970
33,61,576,721,722
356,576,579,724,900,907
104,105,579
251,576,1455,1607
207,285,576,719,720
52,576,721,722,883
451,567,568,579,1002
1538,1607,1787,1794
576,721,722,770,950
357,576,579,586,588
253,576,1457,1607
239,306,506,576,579,807,1572
576,594,721,722,749
83,84,732
433,576,578,579,719,720
576,664,1607,1639
1302,1740
267,306,649,650,820,965
122,145,576,721,722
42,1406
576,943,1607,1771
557,576,1600,1607
1335,1773
543,716,1592,1678
522,525,576,676,807
1336,1774
412,553,576,719,720
181,182,576,721,722
124,147,576,721,722
356,576,726,820,836,856
117,579,929
1203,1595
208,216,546,579
1361,1803
1419,1609,1695,1705
572,574,579,897
215,216,576,721,722,807
239,306,335,576,579,724,807,829
61,537,576,719,720
536,579,953
576,984,1607,1783
567,568,576,773,774,895
83,247,264,576,854
718,1679
225,783,852,1447
576,579,820,1030,1031
217,269,272,579
1126,1509
356,576,579,582
239,306,576,579,807,941,1769
239,306,937,939
267,294,301,306,352,576,820
306,820,828,836
563,874
56,1415
325,716,1479,1678
239,306,473,576,579,807,1549
1609,1718,1725,1731
425,680
1609,1664,1665
267,306,540,543,564,576,579,820,1030
123,579,735
234,235,579,866
208,579,987,988
451,579,951,952,1002
1283,1693
17,197,746,767
576,1080,1453,1607
239,306,576,775,851
39,1403
1284,1694
69,608
249,459,540,543,576,832
330,356,576,724
1059,1432
413,647,869
576,696,1607,1658
527,573,579,820
239,306,483,489,518,576,807
707,708,1609,1684,1685
1060,1433
239,306,576,847,848
576,754,1607,1698
576,581,732,896
1391,1599,1607,1609,1695
13,188,265,576,717
849,1743
1096,1471
213,356,357,484,485,576,852
523,526
339,355,576,840,884
267,306,436,576,719,724,820
564,573,576,579,820
18,197,556,739
5,239,306,576,765
269,576,1465,1607
579,866,1018,1023
239,306,576,579,807,1035,1802
1132,1515
267,297,298,306,820,957
239,306,357,807,902,903
267,306,357,576,820,932,1607,1779
428,430,576,579,820
8,1370
576,1018,1607,1795
487,488,549,576,579,732,895,915
37,403,503,576,579
1304,1742
500,670,671,807
44,1408
239,306,463,576,579,807,1545
197,403,404,576,579
40,503,576,579,584
121,579,934
239,306,331,540,543,576,579,582,807
45,1409
724,852,884
211,1441
267,306,820,833,835,969
389,391,576,579,820
267,297,301,306,540,543,576,579,820
189,576,693,719,720
275,306,576,820
1172,1564
204,489,572,576,579
267,301,303,306,820,958
467,468,735,737
473,478,479,487,488,576
1173,1565
1205,1597
579,580,951,952
213,222,357,668
239,306,576,579,807,846,1741
579,718,723,724
94,1422
1235,1625
1206,1598
576,579,732,853,854,1607
357,576,579,738,898
1,239,306,576,761
213,232,356,357,576,665
1402,1607,1609,1708,1778
347,502,556,576,579
783,852,876,1751
382,579,581,724,852
1457,1609,1667,1675
1457,1673,1676
1103,1478
612,1618
473,481,482,487,488,576
239,306,382,543,547,576,807
353,355,576,642,654
438,439,1533,1534
579,624,724,852,976
36,356,576,660
239,306,576,920,921
94,556,576,579,979
731,1691
251,254,543,852
239,306,415,424,543,576,807
239,306,466,472,576
157,254,576,894
21,197,556,713
493,566,627,820
1401,1519,1607,1609,1707
872,1033
248,422,576,579,820
239,306,576,579,797,807,1728
239,306,576,579,807,936,1768
293,294,499
807,858,1028,1032
1609,1670,1674
440,576,719,720,878
51,78,356,576,852
473,476,477,487,488,576
213,357,576,715,897
576,579,644,711
197,209,213,357
227,579,616
576,596,1607,1615
576,870,1607,1750
239,306,813,815
495,576,1562,1607
267,326,576,579
81,85,247,264,576
239,306,576,579,690,807,1654
1062,1435
107,232,576,721,722
331,352,576,753,807
550,579,693,884,935
239,306,356,734,783
576,707,708,719,720,1607
571,572,576,721,722
522,565,576,579
243,576,579,719,723
576,1164,1556,1607
76,164,376,576,820
1609,1621,1624,1731
239,242,359,532,576
106,166,474,576,579,580
544,548,576,721,722,961
6,579,766,807
858,859
1134,1517
188,265,576,846,897
27,460,576,579
239,306,542,576,807,997,998
1135,1518
251,356,357,719,720,903
194,239,306,537,576
1,579,761,807
38,267,306,777,820,979
119,142,576,719,720
1392,1599,1607,1609,1694
1538,1539,1607,1787,1794
1292,1730
505,556,576,579,625
267,306,685,689,820,967
234,267,820,836
234,267,579,859
239,306,382,576,579,807,1512
1325,1763
581,1611
177,392,432,579,807
267,306,799,801,820,968
8,214,576,719,720
9,576,647,719,720
354,576,1487,1607
47,1411
219,783,852,1444
576,579,721,722,732,798,864
119,579,610
1386,1570,1607,1609,1694
10,154,239,306
1426,1602,1609,1731
401,453,576,579,724
110,579,917
127,579,950
1175,1567
1068,1441
235,576,1452,1607
374,576,1506,1607
197,576,579,713,979
493,627,745,820
579,685,687,951,952
208,356,579,852,853,854
1208,1600
1252,1643
28,302,576,579,852
239,306,502,576,579,807,1568
44,267,306,403,784,820
1607,1609,1731,1787,1788
831,832
185,538,579
1412,1607,1609,1613,1719
579,612,626,866
356,489,576,577
239,242,576,595,602
239,306,576,579,807,1731
412,1522
267,306,820,884,886,971
267,306,357,405,576,820,1519,1607
1499,1607,1689,1690,1787
4,239,306,576,764
1038,1804
239,306,576,579,787,807,1718
345,414,576,719,720
356,576,579,734,783,807
357,576,579,584,810
576,1174,1566,1607
97,573,820
576,976,1607,1776
576,853,854,1497,1560,1607
239,306,576,579,807,1025,1798
314,321,487,488,576,579,732,895
1514,1515,1609,1731
1387,1570,1607,1609,1695
11,576,579,877
1298,1736
10,501,576,719,720,807
197,267,306,403,404,820
467,468,473,576,628,629,630,631
197,209,232,356,576,665
1299,1737
1331,1769
239,306,576,719,721
27,474,475
239,267,619,635
464,1546
467,468,473,576,628,629,631,632
1274,1680
576,719,720,736,948
576,824,1607,1735
512,576,1578,1607
576,579,714,719,720,728
1332,1770
14,406,556,576,807
382,1512
413,556,576,721,722
1544,1569,1599,1607,1609
73,172,576,820,937
1442,1443,1609,1731
356,368,576,579,732,822
1357,1799
1181,1573
319,320,576,719,720
267,378,576,579,706,983,1027
515,576,1581,1607
1379,1569,1607,1609,1694
0,483,518,576,935
1214,1606
1459,1609,1670,1672
576,1162,1554,1607
342,355,576,839,884
783,852,954,1775
1415,1519,1609,1699
1244,1634
253,269,270,579
579,807,1013,1023
213,220,357,536
1215,1607
239,306,467,468,473,576,579,807,910,911,913,914
0,486,576,689,935
1473,1475,1609,1680
115,393,579
579,637,641,807
1266,1657
420,422,579,807
576,579,807,820,823
330,576,579,812,1019
213,357,489,852
1607,1610,1692,1693
1115,1497
579,788,795,807
576,579,719,720,994,995
369,372,374,375
1392,1607,1609,1694,1704
576,662,1607,1637
21,556,576,807,980
208,576,1439,1607
576,719,720,739,949
65,429,612,807
1137,1520
0,249,492,935
39,503,576,579,981
1384,1570,1607,1609,1612
129,576,1429,1607
239,306,576,783,852
239,388,567,568,579
291,292,473,576,861,867
239,306,576,579,807,866,1749
32,249,499
333,576,721,722,917
8,576,646,719,720
213,357,549,576,579,664
20,197,763,930
251,540,543,576,721,722
239,306,332,576,579,807,1482
664,707,708,734
576,844,1607,1739
579,580,685,688
239,306,449,576,944
1376,1569,1607,1609,1779
206,213,357
239,306,576,579,807,983,1781
26,267,460,576,885
1195,1587
63,64,434,435,579
357,579,892,903,933
400,454,576,579,724
1070,1443
356,550,693,719,720,724,935
239,306,576,579,807,1242,1632
467,468,576,719,720
382,383,576,902,906
576,719,720,760,1021
1092,1467
88,164,239,306,576
79,1419
267,306,522,576,818
124,579,948
53,213,357,550
103,296,576,579
160,193,424,820
356,549,576,579,724,1021
1093,1468
212,213,274,357
1414,1607,1609,1695,1721
19,467,468,576,833
1381,1519,1607,1609,1715
267,306,820,975,1025,1026
35,36
239,306,357,374,375,807
554,576,608,721,722
186,234,387,579
1601,1602,1609,1731
413,457,873
489,1560
576,611,1607,1617
446,448,576,721,722
1143,1526
371,372
1418,1609,1612,1702
1300,1738
239,306,576,579,673,807,1643
612,623,820,836
239,306,836,857
1144,1527
1491,1596,1718
167,579,751
1301,1739
1333,1771
41,1405
1286,1696
1609,1721,1728,1731
1334,1772
576,579,645,647,719,720
576,1037,1607,1803
239,306,576,579,807,925,1766
73,163,239,306
247,264,666,667
579,685,688,951,952
1359,1801
319,320,576,721,722
197,576,579,930,981
239,306,576,579,674,807,1644
358,1498
1536,1537,1609,1731
356,490,576,758
239,306,576,579,807,978,1777
234,576,579,612,724
1202,1594
576,1120,1502,1607
1360,1802
1098,1473
1077,1450
208,230,579,753
569,572,721,722,881
105,576,721,722,889
96,356,719,720,819
1395,1424,1607,1609
309,552,576,579,719,720
576,1025,1607,1798
239,306,452,453,576
70,1417
68,576,630,631
109,206,576,719,720
1452,1463,1609,1731
530,532,576,1002,1006
1608,1609,1731,1736
469,550,579,580,732,875
71,1418
63,64,499,902
1509,1607,1758,1767,1777
267,306,382,384,820,959
1028,1799
576,1028,1607,1799
333,576,719,720,917
356,380,576,582,724
1307,1745
664,734,853,854
557,716,1600,1678
716,884,1678,1754
158,251,543,908
2,239,306,576,762
576,719,720,861,867
729,730,1684,1685
469,1548
1340,1778
213,239,306,576,582,666,807
239,258,259,306,576
82,84,247,264,576
1341,1779
576,884,1607,1754
12,671
457,466,501,1033
369,520,1503,1584
1351,1792
579,784,791,807
48,267,306,586,788,820
267,293,295,306,820,956
467,468,473,476,477,576
853,854,1586,1587,1607,1609
1158,1161,1162
239,306,576,579,796,807,1727
1466,1667,1668
62,576,721,722,772
507,807,1573,1731
241,242
239,267,306
239,306,576,579,660,807,1636
23,25,576,719,720
177,181,579,807
1389,1599,1607,1609,1613
143,213,357,928
52,576,721,722,884
853,854,1607,1609,1680,1684
239,305,576,807,939
169,579,806,807
373,576,579,724,1018
5,579,765,807
579,807,859,866
554,576,1597,1607
499,853,854,902
1131,1514
327,421,576,579
201,576,1438,1607
425,583,865
1390,1607,1609,1612,1702
576,707,708,721,722
549,616,902
1393,1607,1609,1701,1779
301,576,614,707,708
12,239,306,576,579,807,1372
356,576,778,839
576,605,1607,1616
43,1407
1049,1416
1288,1698
239,306,357,370,371,807
198,576,1435,1607
707,708,1525,1526,1609
550,579,833,834
239,306,576,1033,1036
267,306,550,559,820,962
33,184,576,719,720
576,624,1607,1622
25,27,579,884
1171,1563
1064,1437
576,721,722,853,854
357,807,815,817
1457,1465,1466,1609
1204,1596
73,163,576,579,807
1609,1623,1656,1731
1248,1639
239,306,576,579,795,807,1726
369,370,1503,1504
1079,1452
438,439,951,952
576,721,722,736,948
183,239,250,306,576,582,807
579,580,724,732,847,850
1249,1640
239,306,820,823
1101,1476
356,456,576,579,719,720,775,806,807
576,646,711,719,720
239,306,576,579,701,807,1660
46,279,504,786
1382,1570,1607,1609,1778
309,552,576,579,721,722
334,931
15,556,576,587,807
367,378,576,699,700,705
91,251,356,576,615
677,807,1646,1731
1445,1607,1609,1786,1793
89,579,783
130,579,927
121,144,576,721,722
466,677
202,213,357,576,897
239,306,388,389
682,1649
399,400,576,579,820
236,306,328,576,823
421,499,754,902
1309,1747
540,543,579,820,825,836
409,571,572,576,579,893
576,620,1607,1620
1310,1748
239,306,576,579,790,807,1721
1342,1780
50,1414
82,85,732
251,543,905,907
1039,1370
92,579,901
1353,1795
345,350,576,719,720,732
1343,1781
1177,1569
993,994
522,573,576,1013,1023
239,299,306,576,579,807,1474
570,573,579,823
1178,1570
1210,1602
198,201
251,444,445,543
576,721,722,728,730,732
499,576,579,601,751
1240,1630
1211,1603
579,707,708,880,893
1422,1609,1700,1778
348,819
1222,1612
203,469,579,580,732,976
1158,1163,1164
59,512,579
133,251,543,620
13,576,660,1373,1607,1636
576,579,723,727,859
413,472,501
576,713,721,722,947
286,306,522,573,579,807,820,896
556,807,1599,1731
576,719,720,721,722,1607
239,306,807,820
239,267,522,573
576,593,1607,1614
714,1677
67,576,628,629,630,631
53,207,356,576
136,197,356,576,665,930
264,306,579,685,807,820
1382,1607,1609,1716,1778
106,166,473
576,923,1607,1764
1133,1516
6,239,306,576,766
1316,1754
239,306,398,400
1404,1462,1635,1710
55,457,579,783,807
1147,1536
579,732,821,822
820,836,1028,1030
58,579,679
197,576,807,930,982
128,576,1428,1607
579,1609
356,576,780,841
342,355,556,576,793
576,1167,1559,1607
211,463,487,488,576,579,732,895
576,1095,1470,1607
213,218,357,516,576
576,649,1607,1631
33,184,576,721,722
239,306,533,543,576,807,846
213,351,357,576,579,734
1589,1590,1609,1731
1066,1439
576,719,720,918,930
1499,1540,1541,1607,1787
239,306,351,474,576,579,807,1551
489,576,1560,1607
351,902,1486,1761
408,411,576,579,820
1396,1425,1607,1609
239,306,576,579,634,807,1625
239,306,503,576,579,807,1569
1067,1440
323,324,573,576,820
247,264,360,576,780
1609,1610,1680,1692,1706,1714
1290,1714
1250,1641
104,576,719,720,855
239,306,576,579,807,1038,1804
426,576,721,722,940
501,859,874,1033
1251,1642
403,406,576,579,807
191,579,807,863
158,159,576,579,719,720
81,86,732
211,550,941
536,579,668,673
239,306,478,576,579,807,1555
197,576,579,584,770
0,576,579,686
234,576,1451,1607
1609,1716,1723,1731
35,579,891,902
1139,1522
197,267,306,741,746,820
732,1692
576,897,1607,1760
65,66
239,306,576,862,872
1140,1523
1271,1677
1022,1796
316,317,576,579,721,722
267,306,579,807,881,882
499,821,822,902
1272,1678
506,556,576,579,884
1330,1768
116,402,579
16,556,576,585,807
820,836,1013,1018
110,134,576,721,722
1355,1797
197,404,638,639
1179,1571
576,713,719,720,947
356,368,576,1017
576,579,807,1000,1001
1356,1798
1432,1609,1610,1680,1692,1782
1180,1572
1073,1446
1212,1604
122,579,947
413,556,707,708
576,721,722,861,867
1493,1607,1609,1704,1720
1213,1605
576,590,721,722,919
267,306,820,941,942,972
267,306,357,576,737,820,1607,1696
1257,1648
1369,1609,1705,1731
343,355,556,576,792
241,306,562,576,820
579,789,796,807
1110,1485
149,213,357,810
576,846,1607,1741
251,543,597,622
1410,1607,1609,1717,1779
1044,1396
165,264,387,416,576,685,721,722,984
83,84,239,306,576,579,719,720,807
477,576,1554,1607
467,468,473,481,482,576
409,569,572,576,721,722
1113,1495
576,644,719,720,852
239,306,576,579,791,807,1722
131,501,579,884,976
239,306,543,576,579,807,1592
239,306,465,472,576
1465,1466,1665
1303,1741
118,579,931
158,543,1431,1592
235,267,579,807
239,306,576,579,766,807,1704
1278,1684
576,579,820,1013,1024
325,576,1479,1607
239,306,407,411
210,576,1440,1607
53,304,576,721,722
239,306,451,454
1153,1545
132,251,543,1025
239,306,370,576,579,807,1504
19,546,576,579
1362,1804
197,576,587,590,807
1186,1578
239,306,466,494,576
1437,1464,1466,1609
576,579,807,981,982
184,576,618,721,722
50,267,306,741,790,820
540,543,579,724
571,572,579,580
1219,1611
239,306,576,579,685,807,1651
1035,1036
189,576,583,685,935
1493,1596,1720
1494,1607,1609,1705,1721
353,355,576,638,642
47,280,504,787
372,375,579
1231,1621
576,579,807,1029,1031
239,306,576,579,807,833,1737
576,1023,1607,1797
356,456,501,576,852
259,262
47,267,306,584,787,820
188,190,234,579
21,197,713,762
239,306,576,579,807,834,1738
267,306,357,576,613,820,1607,1617
342,376,576,763,820
267,306,820,974,984,985
86,151,356,576
1119,1120,1158
246,293,356,576
351,576,1486,1607
576,716,1607,1678
1151,1158,1165
306,467,487,576,820
216,230,251,543
1494,1596,1721
402,405,467,468
217,270,273,579
500,576,820,1006,1024
57,58,239,306,576
208,213,611,613
1141,1524
1386,1607,1609,1694,1720
1423,1527,1609,1610,1680,1692
22,576,1399,1607
15,197,590,765
56,403,556,576,579
80,556,576,579,738
404,576,719,720,929
1142,1525
209,356,576,665
662,1037
70,556,576,579,586
239,306,576,579,807,1150,1542
1016,1794
1378,1569,1607,1609,1613
407,522,567,568,579
22,579,724,852
508,535,576,1002,1006
267,628,629,698,700,719,720
115,138,576,719,720
107,319,579
442,443,576,1015,1016
1285,1695
754,755,820,836
573,576,579,724,1031
1465,1662
461,576,721,722,809
576,590,719,720,919
1347,1786
38,503,576,579,979
78,357,489,817
148,197,356,576,665,770
239,293,306,576,579,807,1471
421,754,853,854
579,787,794,807
576,807,879,882,887
376,400,484,485,576,579
239,306,552,576,579,807,1595
1358,1800
1535,1609,1731,1772
1385,1570,1607,1609,1613
1075,1448
458,579,594
576,579,656,986,1013
522,573,576,579,807
357,576,579,741,748
247,264,440,576,1017
554,579,677,678
341,355,576,842,884
0,68,81,166,239,254,264,293,297,301,306,313,316,325,354,357,358,376,378,382,391,400,411,450,467,473,474,540,543,550,573,576,579,596,620,636,649,660,685,690,693,696,701,719,721,724,725,779,780,799,800,807,820,833,850,867,884,888,896,935,939,941,976,984,1000,1024,1025,1038,1237,1675,1710,1711
1097,1472
579,807,847,848
551,553,576,719,720
536,668,672,674
1384,1607,1609,1612,1718
16,197,764,770
