576 239 820 807
576 239 820 807
1
2
3
4
5
6
7
1370
8
1371
9
576 239 12 807
1372
1395
1396
1397
1398
576 22
1399
1430 1607
1425 1607
1424 1607
1426 1607
1400
56
94
93
71
70
80
79
37
38
39
40
41
42
43
776 267 820
777 267 820
778 267 820
267 779 820
267 780 820
267 820 781
267 820 782
44
45
46
47
48
49
50
784 267 820
785 267 820
786 267 820
267 787 820
267 788 820
267 820 789
267 820 790
537 719
537 721
618 719
721 618
576 163 807
1423
724 709
1424
1425
1426
579 931
929 579
579 917
579 947
579 918
579 950
579 919
579 949
579 916
579 319
579 934
579 948
579 414 719
423 579 719
1428
1428 1607
576 103 239
1731 1797
1513 1731
1731 1452
1602 1731
721 118
721 117
721 110
721 122
112 721
721 127
113 721
721 125
721 114
721 107
121 721
721 124
356 197 141
140 356 197
356 197 134
145 356 197
356 197 135
356 197 150
136 356 197
148 356 197
137 356 197
144 356 197
147 356 197
213 903
576 199 807 239
1436
1430
1680 1610 1423
1432
169 807
253 199
1457 1436
200 239 576 807
1437
537 721
184 576
1433
186 234
1434
1434 1607
287
713 267 820
930 267 820
770 267 820
267 820 590
746 267 820
267 820 739
267 404 820
267 395 820
736 267 820
711 724 580
576 1016 442
671
1641
609 507
908 543
576 158 720
576 158
1431
208 206
357 206
357 142
146 357
138 357
139 357
152 357
357 143
810 213
576 210
1440
576 213 720
1441
211
212 357
820 245
576 666 239 807
817 239 807
1442 1731
1443
1442
1731 1444
1445
576 219 239
1013 1014
219 852
1444
215 239
576 221 357
51 356
233 239
256 356
219 644
576 1002 1015
224 852
1446
225 852
1447
576 226
1448
852 223
307 468
610 468
468 735
393 468
402 468
468 927
468 589
747 468
209 357
208 753
576 239 1076 807
227
229 247
579 227
616
216 543
197 406
980 197
197 982
585 197
587 197
740 197
197 742
576 197 773
267 820 213
1450
1450
208 576
208 716
1439
626 724
160 576 852
161 543
612 724
576 234
1451
239
522 239
619 239
265 356
820 326
576 267 239
234 866
576 235
1452
576 237 239
576 564 238
576 239 238 807
576 1453
576 267 859
267 820
576 774 239
267 499
249 499
576 522 397 807
208 517
268 199
1464 1436
272 217
576 269
200 268
1464 1437
253 269
1457 1465
217 273
576 270
217 271
242
846 1022
576 268
1454
761 197
762 197
763 197
764 197
197 765
197 766
197 767
576 722 215
576 1081
865 234
492 935
576 183 807 239
183
720 356 903
576 251
1455
253
576 239 807 255
576 239 807 255
1459
201
253
852 847
852 543
852 847
257 267 820
576 239 254 807
576 254
716 254
1458
553 719
576 211 720
576 768 720
208 576 720
208 722 576
576 722 813
576 318 720
576 259 239
262
356 724 1021
576 261
576 260
1461
466
576 258 239 807
1460
1635 1404
1635 1411
721 214
8 719
58 579
199 271
200 271
272 253
536 674
536 672
536 671
536 670
219
224 576 239
266 390
576 707 247
576 489 163 720
234 859
382 550
833 550
1463
1464
576 225 239
826 820
576 274 852 543
356 207
196 356 197
576 239
275 820
576 306 239
576 188 717
576 14 807
576 21 807
576 20 807
16 576 807
576 15 807
576 18 807
576 17 807
576 403 807
576 979 807
576 981 807
576 584 807
576 586 807
576 738 807
576 741 807
285 719
721 181
862
576 473 291 467
576 473 291 487
576 473 291 867
576 239 292 807
1095
576 1094
576 1470
576 1469
290 852
1468
288 239 576 807
288 576
576 1467
1467
293 1454
356 246
1497 1454
1697 293
499 293
576 267 820 294
267 820 295
576 239 293 807
576 1471
1471
576 722 173
576 103
296 852
1472
724 301
1680 1475
576 297 267 820 543
576 297 267 820
298 267 820
576 297 239 807
576 297
1473
576 1474 239 807
1474
356 252
576 327 807
173 239
576 614 854
576 707 614
576 614 902
576 580 614
499 724
734 543
267 820 303
576 239 301 807
576 301
1475
299 579 571
576 900 357
576 722 53
635 724
576 239 807
820 828
576 306 579
576 252
1456
552 576 720
552 722 576
378 267 311
312 820
313 820
267 807
579 316 719
721 579 316
576 316
1476
576 67 387 685 316
208 315
576 321 239 807
1478
576 318
1477
323 820
324 820
322 267 378
576 1479
1479
576 660 1373
579 732
716 1479
236 823
576 1480
328 239 576 807
576 329 239 807
576 1481
238 823
356 724
576 331 239
576 807 331 239 543
576 579 807 239 829
576 1482 239 807
576 1482
1482
332
576 761 355
576 762 355
576 355 763
576 355 764
576 355 765
576 355 766
576 355 767
721 830
724 335
88 576 239
360 576 247
576 362 247
576 361 247
576 363 247
576 346 239 807
1483
576 239 347 807
576 347
1484
576 309 720
819
348 807
168 852
852 349
1485
345 719
208 734
576 1486
1761 351
1486
576 239 1243 807
1699 1715 1607
1700 1716 1607
1717 1607 1701
1702 1718 1607
1719 1607 1703
1704 1720 1607
1705 1721 1607
1488 1596
1489 1596
1490 1596
1491 1596
1492 1596
1596 1493
1596 1494
354 1607
1487
859 373
1496
1495
576 1113
1497
356
576 1498 239 807
576 1498
1498
358
1500 1788
576 239 1118 807
576 239 1499 807
576 239 1117 807
576 473 467 365
576 473 365 487
576 473 867 365
576 1120
576 1502
576 239 364 807
1119
576 1501
576 211 366 823
820 367
579 356 822
387 356 685 822
520 372
239 372 807
371
372 374
579 375
239 371 807
576 370 239 807
576 370
1504
576 369 239 807
576 369
1584 369
1504 369
1503
576 357 351
1018 724
576 373
1505
239 807 375
576 239 374 807
576 374
927
589
747
576 807 239 376 543
1609 1508
576 239 1507 807
576 239 1508 807
1508
378
576 1124
1507
576 926 895
1607 1758 1767
1509
356 724
576 380
1510
724 581 852
724 581 852
576 239 381 807
1511
208 576 382
894 254
724 583 852
384 267 820
576 1512 239 807
576 239 382 807
1512
1512
579 708 1607
579 853 1607
724 1023
866 373
576 522 355
576 385
1513
336 239
398 239
576 644
1628
468 724 852
724 429
388 239
576 386
1514
576 761 239
576 762 239
576 763 239
576 764 239
576 765 239
576 766 239
576 239 767
576 253
1457
1515
724 852
356 660
36
576 239 36 807
1373
337 820
820 343
820 342
339 820
338 820
820 341
340 820
724 430
392 489 576
576 441 239 807
217 219
1516
1517
724 454
724 453
576 401
1518
1519
576 60 239
576 58
1416
576 57 239
55 807
852 501
239 407
1520
576 410
1521
108
579 132
579 133
852 413
1522
412
576 25 720
26 820
25 884
576 414 720
576 601
721 933
576 579 28
721 935
576 239 807 415
721 938
64 356 820
11 579
576 419 357
192 521
417
754 854
754 707
754 902
576 327
576 423 720
724 182
424 820
680
721 940
940 719
418
104 807
105 579
1523
576 429
1524
721 61
184 719
184 721
820 566
433 579 719
576 854 247
434 579 708
1609 708 1525
434 579 63
1609 1525 63
1526
435
1525
420 807
576 820 422
102 719
1527
1528
576 1145
576 357 239
721 772
211 501
1529 854
1529 707
1603 1532
439 951
1603 1534
576 722 52
576 883
1753
579 734
442 239
1535
1536
576 1018 720
576 452 239
65 1018
576 453
1537
576 452 820
721 76
456 356
456 576 239
576 174 720
395 719
721 395
404 719
721 404
333 719
721 333
713 719
713 721
930 719
721 930
770 719
721 770
590 719
721 590
739 719
721 739
746 719
721 746
320 719
320 721
592 719
592 721
736 719
736 721
576 239 1149 807
1787 1540 1607
1538 1787 1607
1539 1607 1787
1787 1541 1607
1794
307 579
610 579
579 735
393 579
402 579
579 927
579 589
579 747
852 501
57 579
197 639
652 197
640 197
197 653
560 721
576 239 1150 807
579 783
576 267 460
576 27
576 474 27
721 809
211 724
576 462
1544
576 239 807 463
1545
1546
464
412 501
494 807
466 1731
1547
576 394 197
576 403 197
576 979 197
576 197 981
576 584 197
576 586 197
576 197 743
576 394 357
576 403 357
576 979 357
576 357 981
576 584 357
576 586 357
576 738 357
576 357 741
576 611 357
576 357 743
576 267 396 820
576 267 820 405
576 267 820 928
576 267 932 820
576 810 267 820
576 267 588 820
576 898 267 820
576 267 748 820
576 267 820 613
576 737 267 820
468 719
721 468
576 204 720
1548
469
604
501 413
457 413
466 807
471
576 470 239
413 647
576 800
1497 854 1607
1497 707 1607
576 579 487 521 895
576 579 487 469 895
576 579 487 211 895
576 579 487 314 895
576 579 549 487 895
576 473 239 807
576 473
576 1549
1549
473
576 807 239 474 351
576 1551
474 27
576 239 475 807
576 1552
576 473 467 477
576 473 477 487
576 473 867 477
576 1554
576 1162
576 239 476 807
1161
576 1553
576 473 467
576 474 239 807
1550
576 473 467 479
576 473 479 487
576 473 867 479
576 1164
576 1556
576 239 478 807
1163
576 1555
576 473 467 460
576 473 460 487
576 473 867 460
480 239 576 807
1165
576 1151
576 1557
576 1543
576 473 482 467
576 473 482 487
576 473 482 867
576 1167
576 1559
576 481 239 807
1166
576 1558
1609 1550
474 579 106
714 474 579 106
166
507 494
577 356
576 721 484
721 861
861 719
576 486 935
467 820
488 719
488 721
579 686
489 758
576 489
1560
1560
708 902
902 63
472 576 239
507 660
495
496 576 239
576 495
1562
576 497
1563
466 852
465 852
1561
576 489 935
0 239 807
1564
576 498
664
576 499
1565
1566
576 1174
576 218 357
1586 1731
820 447
1567
180
553 807
1731 1596
197 14
21 197
20 197
16 197
197 15
18 197
17 197
576 239 502 807
1568
576 722 413
413 854
707 413
64 413
576 239 807 503
1569
504 239 576 807
1570
576 505 239 807
1571
576 506 239 807
1572
553 807
576 19 579
721 546 807
466 724
576 722 195
536 807
507 1731
1573
1731 1574
1576
1575
185 579
576 922 720
59 579
576 513
1579
512 576
1578
576 511
1577
576 510 239
1574
536 509
576 1002 508
514 852
1580
576 515
1581
820 1006
576 239 509 807
576 509
1574
1731 517
1583
852 517
1582
576 10 720
576 483 935
576 239 483 807
1584
576 557 720
526
576 818 267
576 522 675
576 676 564
820 573
1585
517 543
576 529 722
158 543
531 724 580
576 239 533 807
534 719
579 693 550
522 239
310
220 357
1587 854 1607
576 537
1587
500
500
852 69
185 579
576 538
1588
576 558 239
576 1002 535
576 530 1002
576 1002 532
1590
576 539
1589
536 239 576 807
507 852
536 576
1586
558
240 820
576 239 540 807
267 820 541
576 239 540 807
1591
576 920 720
545 239
543 1431
576 239 547 807
356 158
576 722 251 724
724 543
1592 1680
825 820 543
543
721 543
544 721 961
267 548 820
576 239 807 543
576 543
716 543
1592
356 69
1594
551
53 357
552 239 576 807
552 576
1595
576 239 555 807
1598
576 239 556 807
1731 556
1599
576 554
1597
576 412 720
576 154 239
576 89 239
720 356 724 693
557 719
721 557
576 557
716 557
1600
549 854
707 549
64 549
1596
1596
576 556 239
576 644 572
576 644
267 820 559
576 550
716 550
1593
523 579
241 820
576 561 239
562 807
721 724 623
576 267 564 820 543
1601
722 356 871
576 194 239
721 524
576 522
576 347 556
1484 1599 1607
576 556 462
1544 1599 1607
576 884 556
1754 1599 1607
576 553 556
1596 1599 1607
576 625 556
1599 1607 1623
820 493
568 571
576 564 239
576 570
1602
897 572
576 239 574 807
1603
721 572
571 579
1592 1483
576 239 1604 807
576 239 572 807
1604
576 239 572 807
248 489 576
576 489 34 820
576 818 807
576 267 527
724 1031
1605
97 820
724 1028
564 820
576 575
1606
575
497
922
1731 1589
1610
1609
579
576 896
1611
1611
1608
577
109 719
119 719
123 719
115 719
116 719
130 719
120 719
126 719
576 757 720
820 151
576 111
1427
576 582
576 685 247
576 685
1612
1613
820 591
576 802 239
576 804 239
576 602 239
576 595 239
576 606 239
576 239 359
576 172 239
576 507 239
576 677 239
576 466 239
576 611
576 239 1614 807
576 1614
1614
576 596 720
598 807
267 820 599
576 239 596 807
576 596
1615
576 902 751
576 499 751
603 724
576 163 239
576 1616
1616
211 852
576 193 267
576 600
576 129
1429
69
554 719
721 554
576 722 302
576 803 239
906 357
251 597
576 1028 720
1617
208 613
820 623
854 1607
707 1607
64 1607
848 807
1618
612
1607
576 628 631
576 467 628 631
576 467 628 632
68 630
633 467
166 630
722 251 356
615
852 23
549 902
629 254
618 719
721 618
576 618
1619
576 249 459 543
579 622
579 356 131
133 543
267 820 621
576 239 620 807
576 620
1620
492
576 1030 720
1621
1622 1607
576 624
1622
625 716
866 612
576 239 623
1623
576 626
1624
433
579 627 719
576 101 720
72 579
100
576 100 357
576 634 239 807
1625
576 239 1627 807
576 239 1237 807
256 722 576
721 30
232 356 197
232 356 357
353 820
637 807
641 807
1034 356
576 239 636 807
576 636
576 1626
1626
852 854
707 852
576 645
1629
1449 1788
536 509
1586 1574
36 198
1435
576 198
1438
576 201
646 719
721 647
254 543
576 645 720
8 719
9 719
576 1630
1630
576 648
576 852 720
852 854
649 251
650 267 820
576 649 239 807
576 649
1631
651
576 1633 239 807
1217 1220
1217 1221
267 659
657 820
576 239 1632 807
576 1242 239 807
744 197
387 68 685 720 659 473
576 658
1634
576 1002 655
1519 1607 1599
1778 1599 1607
1779 1599 1607
1612 1599 1607
1599 1613 1607
1599 1694 1607
1599 1607 1695
1569 1519 1607
1569 1778 1607
1569 1779 1607
1569 1612 1607
1569 1613 1607
1569 1694 1607
1569 1607 1695
1570 1519 1607
1570 1778 1607
1570 1779 1607
1570 1612 1607
1570 1613 1607
1570 1694 1607
1570 1607 1695
576 403 556
576 979 556
576 556 981
576 584 556
576 586 556
576 738 556
576 556 741
277 503
278 503
279 503
280 503
281 503
282 503
283 503
504 277
504 278
504 279
280 504
504 281
504 282
504 283
576 403 503
576 979 503
576 981 503
576 584 503
576 586 503
576 738 503
576 741 503
504 576 403
504 576 979
504 576 981
504 576 584
504 586 576
504 738 576
504 576 741
576 722 52
356 13
267 820 661
576 239 660 807
576 660
576 1636
1636
1037
576 662
1637
576 466 720
209 356
667 247
720 356 852
576 663
1638
576 357 664
357 222
576 239 807 671
1641
576 239 672 807
1642
576 673 239 807
1643
576 674 239 807
1644
576 239 668 807
852 669
1640
576 664
576 1639
1639
525 807
466
1731 677
1646
576 497 720
852 678
1647
554 677
852 677
1645
74 579
852 902
576 75 357
665 357
576 852 926
1457 1675
1674 1459
1457 1676
1457 1667
1457 1669
1457 1671
1457 1666
1457 1665
1666
1665
1671
1668
576 734 720
734 854
707 734
720 356 852
722 356 852
578 579 485
355 77
576 681
576 1648
1648
1649
682
164 820
264 820 807
576 239 684 807
1650
688 579
579 687
576 685 935
576 239 688 807
1653
576 239 807 687
1652
579 685 951
579 685 951
689 267 820
576 239 685 807
1651
690 1607
1654
690
576 690 239 807
711 807
625 807
692
1655
576 1264
1656
1664 1459
1457 1665
1459 1670
1457 1662
1459 1663
1662
1670
536 668
536 673
536 674
536 672
536 671
1466
1465 1466
1465
1466 1667
674 500
672 500
500 671
817 356
576 695
1657
694
576 1658
696
675 807
697 852
1659
58 579
576 696
1658
628 267 700 719
576 642 355
576 355 638
576 355 643
576 239 701 807
1660
820 703
267 378 579 702
704 820
62 935
580 734
706 820
576 1000 1672
576 1000 1673
576 705 699
698 820
128 721
576 239 710 807
1661
234 190
0 576
722 686
189 719
712
976 580 469
1677
714
208 546
1679
718
576 267 727
707 719
719 854 1607
719 707 1607
64 719 1607
854 719
64 719
576 721 239
576 243 723
721 854
721 707
64 721
719 807
576 267 820 719
720 721
239 820 726 807
576 1678
1678
573 239
1024 239
376 239
450 239
411 239
454 239
400 239
239 391
1680
724
714 579 719
576 1681 239 807
576 1681
1681
725
576 239 725 807
820 719
724 726
576 859 723
727
576 859 723
1682
724 718
436 820
576 718 191
356 726 820
576 729
1684
1609 1684 853
729 579 853 1607
1609 708 1684
729 579 708 1607
730 1684
1685
576 730 719
576 721 730
1686
576 1280
1683
728
453 807
1032 807
1801 1731
626 807
1624 1731
429 807
1731 1524
1537 1731
807 1023
1731 1797
401 807
1731 1518
385 807
1513 1731
944 807
1731 1772
386 807
1514 1731
235 807
1731 1452
410 807
1521 1731
570 807
1602 1731
576 619 807
576 427 807
576 1029 807
576 522 807
1585 1731 1607
336 576 807
408 576 820
576 428 820
576 820 1030
576 564 820
576 820 399
576 355 820
576 820 389
576 267 820
576 449 820
576 820 1013
576 820 623
410 823
570 823
579 724 719
1680 1609 853
1680 1609 708
576 1281 239 807
1689 1787 1607
1787 1607 1687
1688 1787 1607
1690 1787 1607
289 357
1691
528 1002 576
576 1002 519
576 1002 731
1693
1692
732
356 852
489 817
352 576 807
1694
1695
1696
745 820
744 267 820
458 579
721 594
357 356 749
251 806
576 85 247
576 84 247
171 356
83
576 807 239 720 83
356 1013
82
576 807 239 720 82
167
356 86
81
576 807 239 720 81
579 461
721 607
752 356 197
356 846
576 753 239 807
1697
576 754
1698
754 836
331 759
490 356
576 153 722
24 213
576 543 720
833 721
576 239 1699 807
576 239 1700 807
576 239 1701 807
576 239 1702 807
576 239 807 1703
576 239 1704 807
576 1705 239 807
576 769
1706
864 721 579
267 820 798
576 267 811 820
1 807
1363 1731
2 807
1731 1364
3 807
1731 1365
4 807
1731 1366
5 807
1731 1367
6 807
1368 1731
7 807
1369 1731
996 1013
576 895 773 951
576 567 773 895
576 267
576 564
720 356 213
576 850 720
850 580
576 579 356 807 775 720
851 807
576 239 1707 807
576 239 1708 807
576 239 1709 807
576 239 1710 807
576 239 807 1711
576 239 1712 807
576 1713 239 807
1680 1610 1706
1714
576 750 720
1542 1367
1369 1542
472 576 239
576 921 239
576 873 239
489 213
576 239 1715 807
576 239 1716 807
576 239 1717 807
576 239 1718 807
576 239 807 1719
576 239 1720 807
576 1721 239 807
517
576 155 720
466
10 239
576 194
557 807
154
507
576 1722 239 807
576 239 1723 807
576 239 1724 807
576 239 1725 807
576 239 1726 807
576 239 807 1727
576 239 807 1728
784 807
1715 1731
785 807
1731 1716
786 807
1731 1717
787 807
1731 1718
788 807
1731 1719
789 807
1720 1731
790 807
1721 1731
576 355 791
576 792 355
576 793 355
576 794 355
576 355 795
576 355 796
576 355 797
576 1730 239 807
1292
805 543
801 267 820
576 799
1729
1731 1623
576 807
1731
576 239 807
1415 1519
1778 1422
1779 1421
1418 1612
1417 1613
1420 1694
1419 1695
1401 1519 1607
1402 1778 1607
1403 1607 1779
1404 1607 1612
1405 1613 1607
1406 1694 1607
1407 1607 1695
1408 1519 1607
1409 1778 1607
1410 1779 1607
1411 1612 1607
1412 1613 1607
1413 1694 1607
1607 1414 1695
1519 1388 1607
1394 1778 1607
1393 1779 1607
1612 1390 1607
1389 1613 1607
1392 1694 1607
1391 1607 1695
1519 1374 1607
1778 1375 1607
1376 1779 1607
1377 1612 1607
1378 1613 1607
1379 1694 1607
1380 1607 1695
1519 1381 1607
1778 1382 1607
1779 1383 1607
1384 1612 1607
1385 1613 1607
1386 1694 1607
1387 1607 1695
677
177 807
808 682
73 239
576 175 239
811 716
1732
98 579 719
576 213 356 484
208 356 854
576 807
576 820 807
306 813
1734
1734
716 813
1733
576 816 579
576 734 807
771 356
239 356 783
813 903
522 820
239 823
820 239
859
66
176 355 576 820
96 356 720
579 356 805
579 821
821 902
344 719
576 824
1735
576 267 783 807
1608 1731
1736
576 239 518 807
576 250 239 807
54
831
32 239 576 807
576 827 820
576 807 491 239 543
832
576 19 468
576 834 239 807
1738
267 835 820
576 833 239 807
576 833
833 716
1737
576 267 836
576 844
1739
156 807
776 356
777 356
778 356
779 356
356 780
356 781
356 782
251 845
1740
884 807
1754 1731
576 355 837
576 355 838
576 355 839
576 355 840
576 841 355
576 842 355
576 355 843
357 815
233 357
1769 1731
820 437
1697 846
159 543
576 239 846 807
576 846
1741
234 858
65 234
858 575
65 575
858 612
65 612
858 1028
850 724 580
576 239 847
1742
848
576 850 239
576 239 775
1744
851
849 807
1743
849
306 852
858 1018
1019 719
576 852
1745
576 733 853
576 708 733
1746
855
104 576 720
856 579 807
836 239
576 857 239
866 807
1731 1749
1747
576 239 487
432 579 807
177 867
576 859 239
576 872 239
1033
87
1748
576 1310
576 617 442
425 583
576 866 239 807
1749
868
576 869 239
1750
576 870
413 647
579 388 951
579 388 567
407 579 951
407 579 567
579 398 951
579 398 567
579 451 951
579 451 567
579 485 391
579 411 485
400 579 485
579 485 454
1033
871
807 863
576 807 910 239 913
576 807 910 239 913 467
576 807 911 239 913 467
68 909
912 467
909 166
563
356 907 724
522 820 286 807
580 469 550
576 466 720
876 852
1751
914 254
35 902
892 543
576 807 879
409 579 571
569 572 721
721 572 881
882 267 807
579 708 893
1752
576 880
91 356
820 885
357 231
724 852
724 852
267 820 886
267 820 887
576 884
716 884
1754
576 489 572
902 543
576 904 720
92 852
576 878 720
576 888
721 889
576 890 239
576 902 383
576 889
1755
1756
576 893
1757
894
1758
576 896
1759
905 543
576 202 357
576 715 357
576 897 239 807
576 1760
1760
576 897 188
732 580
1610 1692
576 902 720
576 722 902
1761 301
267 820 877
579 901
576 902
576 1761
1761
499 854
1761 499
664 1761
239 807 903
1762
1761 923
899 852
576 239 915 807
1763
721 579 581
576 239 896 807
334
576 922 720
457 466
579 734
1764
1761 924
1765
576 923
576 356 902 205 895
576 239 925 807
1766
1767
576 937 807
576 443 357
251 444
446
448 721
579 445
576 654 239
1532 438
438 1534
501 413
576 722 719
892 357
576 187
579 951
576 944
1772
576 239 936 807
1768
211 550
211 550
576 53 720
724 78
1770
941 807
267 820 942
576 239 941 807
576 1769
576 941
716 941
1769
576 1771
1771
579 356 267 172 721 628 820
874 501
466 501
945 579 708
1609 708 1773
945 579 63
1609 1773 63
1774
1773
576 449 239
65 943
449 415
576 937 239
939 239
937 820
501
234 95
952 721
536 507
953 807
576 954 1002
536
1586
954 852
1775
624 724 852
976 579 501
976 579
624 501
977 267 820
576 976
1776
554 719
576 978 239 807
1777
1778
1779
1780
576 1342
576 239 807 983
1781
1782
416 576 387 165 685 721
1432 1610 1680
1731 1783
1784
96 543
985 267 820
576 984
1783
305 807
576 986 197
576 1010 239 807
1793 1443 1607
1793 1445 1607
1786
576 995 720
994
987 197
992 807
993 820
576 1002 991
576 239 998 807
576 239 997 807
721 999
576 1001 807
1000 820
1731 1788 1607
1001
1789
1007
1008
1576 1793 1607
1791
576 1009 720
720 356 1005
1792
1793 1567 1607
1790
251 1004
1793 1590 1607
500 1007
356 724 549
576 239 1011 807
208 988
576 1003 935
1785
576 1010 239 807
1010 253
576 239 1012 807
1002 239
1793
489 990
1002 989
440 576 247
1017 579
368 356
820 1013
576 330 812
576 1018
1795
576 760 720
1796
1022
356 260 580
866 1018
576 522 1013
576 1023
1797
576 656 1013
132 543
1026 267 820
576 1025 239 807
576 1025
1798
1025 852
1027 579 267 378
872
576 1020 720
576 1028
1799
1028
1800
820 1030
866 1028
576 1032
1801
1036
494
576 1033 239
576 1034 239
576 1037
1803
576 239 1035 807
576 1035
1802
576 239 1804 807
576 1804
1038
576 239 1038 807
1804
